13N-HN      499.2 5.0e-01 1.000e+04 1.3e+01  1.0  1.00000  0.00294  0.99754
13N-HN      499.2 5.0e-01 7.500e+02 1.3e+01  1.0  0.47201  0.00294  0.46963
13N-HN      499.2 5.0e-01 7.250e+02 1.3e+01  1.0  0.45980  0.00294  0.46517
13N-HN      499.2 5.0e-01 7.000e+02 1.3e+01  1.0  0.45804  0.00294  0.45848
13N-HN      499.2 5.0e-01 6.750e+02 1.3e+01  1.0  0.44531  0.00294  0.44780
13N-HN      499.2 5.0e-01 6.500e+02 1.3e+01  1.0  0.43073  0.00294  0.42931
13N-HN      499.2 5.0e-01 6.250e+02 1.3e+01  1.0  0.39628  0.00294  0.39367
13N-HN      499.2 5.0e-01 6.000e+02 1.3e+01  1.0  0.31548  0.00294  0.31488
13N-HN      499.2 5.0e-01 5.750e+02 1.3e+01  1.0  0.13652  0.00294  0.13108
13N-HN      499.2 5.0e-01 5.500e+02 1.3e+01  1.0 -0.00105  0.00294  0.00012
13N-HN      499.2 5.0e-01 5.250e+02 1.3e+01  1.0  0.04828  0.00294  0.04820
13N-HN      499.2 5.0e-01 5.000e+02 1.3e+01  1.0  0.25684  0.00294  0.25834
13N-HN      499.2 5.0e-01 4.750e+02 1.3e+01  1.0  0.36171  0.00294  0.36311
13N-HN      499.2 5.0e-01 4.500e+02 1.3e+01  1.0  0.40762  0.00294  0.40740
13N-HN      499.2 5.0e-01 4.250e+02 1.3e+01  1.0  0.42410  0.00294  0.42678
13N-HN      499.2 5.0e-01 4.000e+02 1.3e+01  1.0  0.43161  0.00294  0.43242
13N-HN      499.2 5.0e-01 3.750e+02 1.3e+01  1.0  0.42658  0.00294  0.42503
13N-HN      499.2 5.0e-01 3.500e+02 1.3e+01  1.0  0.40520  0.00294  0.40182
13N-HN      499.2 5.0e-01 3.250e+02 1.3e+01  1.0  0.39487  0.00294  0.39661
13N-HN      499.2 5.0e-01 3.000e+02 1.3e+01  1.0  0.42994  0.00294  0.43202
13N-HN      499.2 5.0e-01 2.750e+02 1.3e+01  1.0  0.45491  0.00294  0.45544
13N-HN      499.2 5.0e-01 2.500e+02 1.3e+01  1.0  0.46687  0.00294  0.46635
13N-HN      499.2 5.0e-01 2.250e+02 1.3e+01  1.0  0.46783  0.00294  0.47191
13N-HN      499.2 5.0e-01 2.000e+02 1.3e+01  1.0  0.47527  0.00294  0.47513
13N-HN      499.2 5.0e-01 1.750e+02 1.3e+01  1.0  0.47924  0.00294  0.47718
13N-HN      499.2 5.0e-01 1.500e+02 1.3e+01  1.0  0.47229  0.00294  0.47860
13N-HN      499.2 5.0e-01 1.250e+02 1.3e+01  1.0  0.48159  0.00294  0.47963
13N-HN      499.2 5.0e-01 1.000e+02 1.3e+01  1.0  0.48754  0.00294  0.48041
13N-HN      499.2 5.0e-01 7.500e+01 1.3e+01  1.0  0.48179  0.00294  0.48102
13N-HN      499.2 5.0e-01 5.000e+01 1.3e+01  1.0  0.47807  0.00294  0.48151
13N-HN      499.2 5.0e-01 2.500e+01 1.3e+01  1.0  0.47930  0.00294  0.48191
13N-HN      499.2 5.0e-01 -0.000e+00 1.3e+01  1.0  0.48277  0.00294  0.48224
13N-HN      499.2 5.0e-01 -2.500e+01 1.3e+01  1.0  0.48103  0.00294  0.48252
13N-HN      499.2 5.0e-01 -5.000e+01 1.3e+01  1.0  0.48033  0.00294  0.48276
13N-HN      499.2 5.0e-01 -7.500e+01 1.3e+01  1.0  0.48360  0.00294  0.48297
13N-HN      499.2 5.0e-01 -1.000e+02 1.3e+01  1.0  0.48646  0.00294  0.48314
13N-HN      499.2 5.0e-01 -1.250e+02 1.3e+01  1.0  0.48438  0.00294  0.48330
13N-HN      499.2 5.0e-01 -1.500e+02 1.3e+01  1.0  0.48323  0.00294  0.48344
13N-HN      499.2 5.0e-01 -1.750e+02 1.3e+01  1.0  0.48441  0.00294  0.48356
13N-HN      499.2 5.0e-01 -2.000e+02 1.3e+01  1.0  0.48306  0.00294  0.48366
13N-HN      499.2 5.0e-01 -2.250e+02 1.3e+01  1.0  0.48368  0.00294  0.48376
13N-HN      499.2 5.0e-01 -2.500e+02 1.3e+01  1.0  0.47890  0.00294  0.48385
13N-HN      499.2 5.0e-01 -2.750e+02 1.3e+01  1.0  0.48735  0.00294  0.48393
13N-HN      499.2 5.0e-01 -3.000e+02 1.3e+01  1.0  0.48222  0.00294  0.48400
13N-HN      499.2 5.0e-01 -3.250e+02 1.3e+01  1.0  0.48338  0.00294  0.48406
13N-HN      499.2 5.0e-01 -3.500e+02 1.3e+01  1.0  0.48368  0.00294  0.48412
13N-HN      499.2 5.0e-01 -3.750e+02 1.3e+01  1.0  0.48586  0.00294  0.48417
13N-HN      499.2 5.0e-01 -4.000e+02 1.3e+01  1.0  0.48423  0.00294  0.48422
13N-HN      499.2 5.0e-01 -4.250e+02 1.3e+01  1.0  0.48563  0.00294  0.48427
13N-HN      499.2 5.0e-01 -4.500e+02 1.3e+01  1.0  0.48186  0.00294  0.48431
13N-HN      499.2 5.0e-01 -4.750e+02 1.3e+01  1.0  0.48867  0.00294  0.48435
13N-HN      499.2 5.0e-01 -5.000e+02 1.3e+01  1.0  0.48723  0.00294  0.48438
13N-HN      499.2 5.0e-01 -5.250e+02 1.3e+01  1.0  0.48661  0.00294  0.48442
13N-HN      499.2 5.0e-01 -5.500e+02 1.3e+01  1.0  0.48600  0.00294  0.48445
13N-HN      499.2 5.0e-01 -5.750e+02 1.3e+01  1.0  0.47849  0.00294  0.48447
13N-HN      499.2 5.0e-01 -6.000e+02 1.3e+01  1.0  0.47985  0.00294  0.48450
13N-HN      499.2 5.0e-01 -6.250e+02 1.3e+01  1.0  0.48503  0.00294  0.48453
13N-HN      499.2 5.0e-01 -6.500e+02 1.3e+01  1.0  0.48705  0.00294  0.48455
13N-HN      499.2 5.0e-01 -6.750e+02 1.3e+01  1.0  0.48629  0.00294  0.48457
13N-HN      499.2 5.0e-01 -7.000e+02 1.3e+01  1.0  0.48399  0.00294  0.48459
13N-HN      499.2 5.0e-01 -7.250e+02 1.3e+01  1.0  0.48396  0.00294  0.48461
13N-HN      499.2 5.0e-01 -7.500e+02 1.3e+01  1.0  0.48645  0.00294  0.48463
26N-HN      499.2 5.0e-01 1.000e+04 1.3e+01  1.0  1.00000  0.00355  0.99867
26N-HN      499.2 5.0e-01 7.500e+02 1.3e+01  1.0  0.42949  0.00355  0.43102
26N-HN      499.2 5.0e-01 7.250e+02 1.3e+01  1.0  0.43061  0.00355  0.43088
26N-HN      499.2 5.0e-01 7.000e+02 1.3e+01  1.0  0.43112  0.00355  0.43072
26N-HN      499.2 5.0e-01 6.750e+02 1.3e+01  1.0  0.42843  0.00355  0.43053
26N-HN      499.2 5.0e-01 6.500e+02 1.3e+01  1.0  0.43250  0.00355  0.43031
26N-HN      499.2 5.0e-01 6.250e+02 1.3e+01  1.0  0.42801  0.00355  0.43006
26N-HN      499.2 5.0e-01 6.000e+02 1.3e+01  1.0  0.43079  0.00355  0.42976
26N-HN      499.2 5.0e-01 5.750e+02 1.3e+01  1.0  0.43227  0.00355  0.42941
26N-HN      499.2 5.0e-01 5.500e+02 1.3e+01  1.0  0.43126  0.00355  0.42899
26N-HN      499.2 5.0e-01 5.250e+02 1.3e+01  1.0  0.42344  0.00355  0.42847
26N-HN      499.2 5.0e-01 5.000e+02 1.3e+01  1.0  0.43259  0.00355  0.42784
26N-HN      499.2 5.0e-01 4.750e+02 1.3e+01  1.0  0.42624  0.00355  0.42706
26N-HN      499.2 5.0e-01 4.500e+02 1.3e+01  1.0  0.42222  0.00355  0.42605
26N-HN      499.2 5.0e-01 4.250e+02 1.3e+01  1.0  0.42287  0.00355  0.42475
26N-HN      499.2 5.0e-01 4.000e+02 1.3e+01  1.0  0.42567  0.00355  0.42302
26N-HN      499.2 5.0e-01 3.750e+02 1.3e+01  1.0  0.41748  0.00355  0.42064
26N-HN      499.2 5.0e-01 3.500e+02 1.3e+01  1.0  0.41653  0.00355  0.41726
26N-HN      499.2 5.0e-01 3.250e+02 1.3e+01  1.0  0.41437  0.00355  0.41222
26N-HN      499.2 5.0e-01 3.000e+02 1.3e+01  1.0  0.40460  0.00355  0.40426
26N-HN      499.2 5.0e-01 2.750e+02 1.3e+01  1.0  0.39138  0.00355  0.39069
26N-HN      499.2 5.0e-01 2.500e+02 1.3e+01  1.0  0.37033  0.00355  0.36494
26N-HN      499.2 5.0e-01 2.250e+02 1.3e+01  1.0  0.30742  0.00355  0.30896
26N-HN      499.2 5.0e-01 2.000e+02 1.3e+01  1.0  0.16951  0.00355  0.17155
26N-HN      499.2 5.0e-01 1.750e+02 1.3e+01  1.0  0.00618  0.00355  0.00225
26N-HN      499.2 5.0e-01 1.500e+02 1.3e+01  1.0  0.01679  0.00355  0.02061
26N-HN      499.2 5.0e-01 1.250e+02 1.3e+01  1.0  0.21289  0.00355  0.21468
26N-HN      499.2 5.0e-01 1.000e+02 1.3e+01  1.0  0.32471  0.00355  0.32210
26N-HN      499.2 5.0e-01 7.500e+01 1.3e+01  1.0  0.36967  0.00355  0.36684
26N-HN      499.2 5.0e-01 5.000e+01 1.3e+01  1.0  0.38581  0.00355  0.38776
26N-HN      499.2 5.0e-01 2.500e+01 1.3e+01  1.0  0.39547  0.00355  0.39820
26N-HN      499.2 5.0e-01 -0.000e+00 1.3e+01  1.0  0.40195  0.00355  0.40272
26N-HN      499.2 5.0e-01 -2.500e+01 1.3e+01  1.0  0.39742  0.00355  0.40223
26N-HN      499.2 5.0e-01 -5.000e+01 1.3e+01  1.0  0.39052  0.00355  0.39434
26N-HN      499.2 5.0e-01 -7.500e+01 1.3e+01  1.0  0.36844  0.00355  0.37133
26N-HN      499.2 5.0e-01 -1.000e+02 1.3e+01  1.0  0.34064  0.00355  0.34690
26N-HN      499.2 5.0e-01 -1.250e+02 1.3e+01  1.0  0.37201  0.00355  0.37985
26N-HN      499.2 5.0e-01 -1.500e+02 1.3e+01  1.0  0.40644  0.00355  0.40662
26N-HN      499.2 5.0e-01 -1.750e+02 1.3e+01  1.0  0.42002  0.00355  0.41763
26N-HN      499.2 5.0e-01 -2.000e+02 1.3e+01  1.0  0.41788  0.00355  0.42265
26N-HN      499.2 5.0e-01 -2.250e+02 1.3e+01  1.0  0.42864  0.00355  0.42532
26N-HN      499.2 5.0e-01 -2.500e+02 1.3e+01  1.0  0.42827  0.00355  0.42694
26N-HN      499.2 5.0e-01 -2.750e+02 1.3e+01  1.0  0.42489  0.00355  0.42800
26N-HN      499.2 5.0e-01 -3.000e+02 1.3e+01  1.0  0.43062  0.00355  0.42876
26N-HN      499.2 5.0e-01 -3.250e+02 1.3e+01  1.0  0.43042  0.00355  0.42932
26N-HN      499.2 5.0e-01 -3.500e+02 1.3e+01  1.0  0.43172  0.00355  0.42975
26N-HN      499.2 5.0e-01 -3.750e+02 1.3e+01  1.0  0.43218  0.00355  0.43009
26N-HN      499.2 5.0e-01 -4.000e+02 1.3e+01  1.0  0.42378  0.00355  0.43037
26N-HN      499.2 5.0e-01 -4.250e+02 1.3e+01  1.0  0.43194  0.00355  0.43060
26N-HN      499.2 5.0e-01 -4.500e+02 1.3e+01  1.0  0.43428  0.00355  0.43079
26N-HN      499.2 5.0e-01 -4.750e+02 1.3e+01  1.0  0.43091  0.00355  0.43096
26N-HN      499.2 5.0e-01 -5.000e+02 1.3e+01  1.0  0.43281  0.00355  0.43110
26N-HN      499.2 5.0e-01 -5.250e+02 1.3e+01  1.0  0.43230  0.00355  0.43122
26N-HN      499.2 5.0e-01 -5.500e+02 1.3e+01  1.0  0.43184  0.00355  0.43133
26N-HN      499.2 5.0e-01 -5.750e+02 1.3e+01  1.0  0.43379  0.00355  0.43142
26N-HN      499.2 5.0e-01 -6.000e+02 1.3e+01  1.0  0.43682  0.00355  0.43151
26N-HN      499.2 5.0e-01 -6.250e+02 1.3e+01  1.0  0.43132  0.00355  0.43158
26N-HN      499.2 5.0e-01 -6.500e+02 1.3e+01  1.0  0.43206  0.00355  0.43165
26N-HN      499.2 5.0e-01 -6.750e+02 1.3e+01  1.0  0.43312  0.00355  0.43171
26N-HN      499.2 5.0e-01 -7.000e+02 1.3e+01  1.0  0.43418  0.00355  0.43177
26N-HN      499.2 5.0e-01 -7.250e+02 1.3e+01  1.0  0.43057  0.00355  0.43182
26N-HN      499.2 5.0e-01 -7.500e+02 1.3e+01  1.0  0.43447  0.00355  0.43186
28N-HN      499.2 5.0e-01 1.000e+04 1.3e+01  1.0  1.00000  0.00426  0.99767
28N-HN      499.2 5.0e-01 7.500e+02 1.3e+01  1.0  0.42167  0.00426  0.42247
28N-HN      499.2 5.0e-01 7.250e+02 1.3e+01  1.0  0.42147  0.00426  0.42223
28N-HN      499.2 5.0e-01 7.000e+02 1.3e+01  1.0  0.41766  0.00426  0.42196
28N-HN      499.2 5.0e-01 6.750e+02 1.3e+01  1.0  0.41898  0.00426  0.42164
28N-HN      499.2 5.0e-01 6.500e+02 1.3e+01  1.0  0.41974  0.00426  0.42126
28N-HN      499.2 5.0e-01 6.250e+02 1.3e+01  1.0  0.42271  0.00426  0.42079
28N-HN      499.2 5.0e-01 6.000e+02 1.3e+01  1.0  0.41966  0.00426  0.42023
28N-HN      499.2 5.0e-01 5.750e+02 1.3e+01  1.0  0.42164  0.00426  0.41952
28N-HN      499.2 5.0e-01 5.500e+02 1.3e+01  1.0  0.41856  0.00426  0.41864
28N-HN      499.2 5.0e-01 5.250e+02 1.3e+01  1.0  0.42066  0.00426  0.41749
28N-HN      499.2 5.0e-01 5.000e+02 1.3e+01  1.0  0.41632  0.00426  0.41598
28N-HN      499.2 5.0e-01 4.750e+02 1.3e+01  1.0  0.40626  0.00426  0.41392
28N-HN      499.2 5.0e-01 4.500e+02 1.3e+01  1.0  0.41274  0.00426  0.41104
28N-HN      499.2 5.0e-01 4.250e+02 1.3e+01  1.0  0.40674  0.00426  0.40681
28N-HN      499.2 5.0e-01 4.000e+02 1.3e+01  1.0  0.40011  0.00426  0.40027
28N-HN      499.2 5.0e-01 3.750e+02 1.3e+01  1.0  0.39427  0.00426  0.38936
28N-HN      499.2 5.0e-01 3.500e+02 1.3e+01  1.0  0.37553  0.00426  0.36941
28N-HN      499.2 5.0e-01 3.250e+02 1.3e+01  1.0  0.32965  0.00426  0.32779
28N-HN      499.2 5.0e-01 3.000e+02 1.3e+01  1.0  0.22715  0.00426  0.22675
28N-HN      499.2 5.0e-01 2.750e+02 1.3e+01  1.0  0.02653  0.00426  0.02779
28N-HN      499.2 5.0e-01 2.500e+02 1.3e+01  1.0 -0.00088  0.00426  0.00176
28N-HN      499.2 5.0e-01 2.250e+02 1.3e+01  1.0  0.16444  0.00426  0.16426
28N-HN      499.2 5.0e-01 2.000e+02 1.3e+01  1.0  0.30271  0.00426  0.29939
28N-HN      499.2 5.0e-01 1.750e+02 1.3e+01  1.0  0.35295  0.00426  0.35417
28N-HN      499.2 5.0e-01 1.500e+02 1.3e+01  1.0  0.36917  0.00426  0.37906
28N-HN      499.2 5.0e-01 1.250e+02 1.3e+01  1.0  0.38866  0.00426  0.39184
28N-HN      499.2 5.0e-01 1.000e+02 1.3e+01  1.0  0.39344  0.00426  0.39878
28N-HN      499.2 5.0e-01 7.500e+01 1.3e+01  1.0  0.40240  0.00426  0.40242
28N-HN      499.2 5.0e-01 5.000e+01 1.3e+01  1.0  0.40674  0.00426  0.40372
28N-HN      499.2 5.0e-01 2.500e+01 1.3e+01  1.0  0.39666  0.00426  0.40282
28N-HN      499.2 5.0e-01 -0.000e+00 1.3e+01  1.0  0.39751  0.00426  0.39908
28N-HN      499.2 5.0e-01 -2.500e+01 1.3e+01  1.0  0.38936  0.00426  0.39100
28N-HN      499.2 5.0e-01 -5.000e+01 1.3e+01  1.0  0.37609  0.00426  0.37735
28N-HN      499.2 5.0e-01 -7.500e+01 1.3e+01  1.0  0.36650  0.00426  0.36582
28N-HN      499.2 5.0e-01 -1.000e+02 1.3e+01  1.0  0.37137  0.00426  0.37374
28N-HN      499.2 5.0e-01 -1.250e+02 1.3e+01  1.0  0.38310  0.00426  0.39107
28N-HN      499.2 5.0e-01 -1.500e+02 1.3e+01  1.0  0.40286  0.00426  0.40334
28N-HN      499.2 5.0e-01 -1.750e+02 1.3e+01  1.0  0.41066  0.00426  0.41038
28N-HN      499.2 5.0e-01 -2.000e+02 1.3e+01  1.0  0.41011  0.00426  0.41447
28N-HN      499.2 5.0e-01 -2.250e+02 1.3e+01  1.0  0.41960  0.00426  0.41699
28N-HN      499.2 5.0e-01 -2.500e+02 1.3e+01  1.0  0.41732  0.00426  0.41864
28N-HN      499.2 5.0e-01 -2.750e+02 1.3e+01  1.0  0.42391  0.00426  0.41977
28N-HN      499.2 5.0e-01 -3.000e+02 1.3e+01  1.0  0.42125  0.00426  0.42059
28N-HN      499.2 5.0e-01 -3.250e+02 1.3e+01  1.0  0.42479  0.00426  0.42120
28N-HN      499.2 5.0e-01 -3.500e+02 1.3e+01  1.0  0.42815  0.00426  0.42167
28N-HN      499.2 5.0e-01 -3.750e+02 1.3e+01  1.0  0.42303  0.00426  0.42205
28N-HN      499.2 5.0e-01 -4.000e+02 1.3e+01  1.0  0.42958  0.00426  0.42235
28N-HN      499.2 5.0e-01 -4.250e+02 1.3e+01  1.0  0.42180  0.00426  0.42259
28N-HN      499.2 5.0e-01 -4.500e+02 1.3e+01  1.0  0.41689  0.00426  0.42280
28N-HN      499.2 5.0e-01 -4.750e+02 1.3e+01  1.0  0.42428  0.00426  0.42297
28N-HN      499.2 5.0e-01 -5.000e+02 1.3e+01  1.0  0.42576  0.00426  0.42312
28N-HN      499.2 5.0e-01 -5.250e+02 1.3e+01  1.0  0.42832  0.00426  0.42325
28N-HN      499.2 5.0e-01 -5.500e+02 1.3e+01  1.0  0.42693  0.00426  0.42336
28N-HN      499.2 5.0e-01 -5.750e+02 1.3e+01  1.0  0.41769  0.00426  0.42346
28N-HN      499.2 5.0e-01 -6.000e+02 1.3e+01  1.0  0.42206  0.00426  0.42355
28N-HN      499.2 5.0e-01 -6.250e+02 1.3e+01  1.0  0.42611  0.00426  0.42362
28N-HN      499.2 5.0e-01 -6.500e+02 1.3e+01  1.0  0.42613  0.00426  0.42369
28N-HN      499.2 5.0e-01 -6.750e+02 1.3e+01  1.0  0.42445  0.00426  0.42375
28N-HN      499.2 5.0e-01 -7.000e+02 1.3e+01  1.0  0.43230  0.00426  0.42381
28N-HN      499.2 5.0e-01 -7.250e+02 1.3e+01  1.0  0.41840  0.00426  0.42386
28N-HN      499.2 5.0e-01 -7.500e+02 1.3e+01  1.0  0.42061  0.00426  0.42390
29N-HN      499.2 5.0e-01 1.000e+04 1.3e+01  1.0  1.00000  0.00395  1.00321
29N-HN      499.2 5.0e-01 7.500e+02 1.3e+01  1.0  0.43086  0.00395  0.43202
29N-HN      499.2 5.0e-01 7.250e+02 1.3e+01  1.0  0.42779  0.00395  0.43186
29N-HN      499.2 5.0e-01 7.000e+02 1.3e+01  1.0  0.42450  0.00395  0.43168
29N-HN      499.2 5.0e-01 6.750e+02 1.3e+01  1.0  0.43195  0.00395  0.43147
29N-HN      499.2 5.0e-01 6.500e+02 1.3e+01  1.0  0.43452  0.00395  0.43123
29N-HN      499.2 5.0e-01 6.250e+02 1.3e+01  1.0  0.43657  0.00395  0.43094
29N-HN      499.2 5.0e-01 6.000e+02 1.3e+01  1.0  0.42628  0.00395  0.43060
29N-HN      499.2 5.0e-01 5.750e+02 1.3e+01  1.0  0.42707  0.00395  0.43019
29N-HN      499.2 5.0e-01 5.500e+02 1.3e+01  1.0  0.42912  0.00395  0.42970
29N-HN      499.2 5.0e-01 5.250e+02 1.3e+01  1.0  0.42794  0.00395  0.42910
29N-HN      499.2 5.0e-01 5.000e+02 1.3e+01  1.0  0.42858  0.00395  0.42835
29N-HN      499.2 5.0e-01 4.750e+02 1.3e+01  1.0  0.42050  0.00395  0.42740
29N-HN      499.2 5.0e-01 4.500e+02 1.3e+01  1.0  0.42555  0.00395  0.42617
29N-HN      499.2 5.0e-01 4.250e+02 1.3e+01  1.0  0.42439  0.00395  0.42456
29N-HN      499.2 5.0e-01 4.000e+02 1.3e+01  1.0  0.42532  0.00395  0.42235
29N-HN      499.2 5.0e-01 3.750e+02 1.3e+01  1.0  0.41538  0.00395  0.41925
29N-HN      499.2 5.0e-01 3.500e+02 1.3e+01  1.0  0.41165  0.00395  0.41466
29N-HN      499.2 5.0e-01 3.250e+02 1.3e+01  1.0  0.40901  0.00395  0.40754
29N-HN      499.2 5.0e-01 3.000e+02 1.3e+01  1.0  0.39790  0.00395  0.39558
29N-HN      499.2 5.0e-01 2.750e+02 1.3e+01  1.0  0.37515  0.00395  0.37351
29N-HN      499.2 5.0e-01 2.500e+02 1.3e+01  1.0  0.33187  0.00395  0.32686
29N-HN      499.2 5.0e-01 2.250e+02 1.3e+01  1.0  0.21471  0.00395  0.21312
29N-HN      499.2 5.0e-01 2.000e+02 1.3e+01  1.0  0.01043  0.00395  0.01522
29N-HN      499.2 5.0e-01 1.750e+02 1.3e+01  1.0 -0.00361  0.00395  0.00449
29N-HN      499.2 5.0e-01 1.500e+02 1.3e+01  1.0  0.18059  0.00395  0.18211
29N-HN      499.2 5.0e-01 1.250e+02 1.3e+01  1.0  0.31838  0.00395  0.31028
29N-HN      499.2 5.0e-01 1.000e+02 1.3e+01  1.0  0.36277  0.00395  0.36265
29N-HN      499.2 5.0e-01 7.500e+01 1.3e+01  1.0  0.38376  0.00395  0.38664
29N-HN      499.2 5.0e-01 5.000e+01 1.3e+01  1.0  0.39985  0.00395  0.39874
29N-HN      499.2 5.0e-01 2.500e+01 1.3e+01  1.0  0.40517  0.00395  0.40480
29N-HN      499.2 5.0e-01 -0.000e+00 1.3e+01  1.0  0.40495  0.00395  0.40694
29N-HN      499.2 5.0e-01 -2.500e+01 1.3e+01  1.0  0.40114  0.00395  0.40539
29N-HN      499.2 5.0e-01 -5.000e+01 1.3e+01  1.0  0.40160  0.00395  0.39886
29N-HN      499.2 5.0e-01 -7.500e+01 1.3e+01  1.0  0.38281  0.00395  0.38479
29N-HN      499.2 5.0e-01 -1.000e+02 1.3e+01  1.0  0.36774  0.00395  0.36812
29N-HN      499.2 5.0e-01 -1.250e+02 1.3e+01  1.0  0.36976  0.00395  0.37464
29N-HN      499.2 5.0e-01 -1.500e+02 1.3e+01  1.0  0.39745  0.00395  0.39646
29N-HN      499.2 5.0e-01 -1.750e+02 1.3e+01  1.0  0.40712  0.00395  0.41115
29N-HN      499.2 5.0e-01 -2.000e+02 1.3e+01  1.0  0.42004  0.00395  0.41899
29N-HN      499.2 5.0e-01 -2.250e+02 1.3e+01  1.0  0.42591  0.00395  0.42333
29N-HN      499.2 5.0e-01 -2.500e+02 1.3e+01  1.0  0.42851  0.00395  0.42593
29N-HN      499.2 5.0e-01 -2.750e+02 1.3e+01  1.0  0.43003  0.00395  0.42760
29N-HN      499.2 5.0e-01 -3.000e+02 1.3e+01  1.0  0.42943  0.00395  0.42875
29N-HN      499.2 5.0e-01 -3.250e+02 1.3e+01  1.0  0.43140  0.00395  0.42958
29N-HN      499.2 5.0e-01 -3.500e+02 1.3e+01  1.0  0.42821  0.00395  0.43020
29N-HN      499.2 5.0e-01 -3.750e+02 1.3e+01  1.0  0.43359  0.00395  0.43067
29N-HN      499.2 5.0e-01 -4.000e+02 1.3e+01  1.0  0.43040  0.00395  0.43105
29N-HN      499.2 5.0e-01 -4.250e+02 1.3e+01  1.0  0.42864  0.00395  0.43136
29N-HN      499.2 5.0e-01 -4.500e+02 1.3e+01  1.0  0.43799  0.00395  0.43161
29N-HN      499.2 5.0e-01 -4.750e+02 1.3e+01  1.0  0.43434  0.00395  0.43182
29N-HN      499.2 5.0e-01 -5.000e+02 1.3e+01  1.0  0.43066  0.00395  0.43200
29N-HN      499.2 5.0e-01 -5.250e+02 1.3e+01  1.0  0.43411  0.00395  0.43216
29N-HN      499.2 5.0e-01 -5.500e+02 1.3e+01  1.0  0.43330  0.00395  0.43229
29N-HN      499.2 5.0e-01 -5.750e+02 1.3e+01  1.0  0.43601  0.00395  0.43241
29N-HN      499.2 5.0e-01 -6.000e+02 1.3e+01  1.0  0.43165  0.00395  0.43251
29N-HN      499.2 5.0e-01 -6.250e+02 1.3e+01  1.0  0.43746  0.00395  0.43260
29N-HN      499.2 5.0e-01 -6.500e+02 1.3e+01  1.0  0.43491  0.00395  0.43268
29N-HN      499.2 5.0e-01 -6.750e+02 1.3e+01  1.0  0.43234  0.00395  0.43275
29N-HN      499.2 5.0e-01 -7.000e+02 1.3e+01  1.0  0.43005  0.00395  0.43282
29N-HN      499.2 5.0e-01 -7.250e+02 1.3e+01  1.0  0.43727  0.00395  0.43287
29N-HN      499.2 5.0e-01 -7.500e+02 1.3e+01  1.0  0.43285  0.00395  0.43293
33N-HN      499.2 5.0e-01 1.000e+04 1.3e+01  1.0  1.00000  0.00310  1.00049
33N-HN      499.2 5.0e-01 7.500e+02 1.3e+01  1.0  0.41655  0.00310  0.41730
33N-HN      499.2 5.0e-01 7.250e+02 1.3e+01  1.0  0.41327  0.00310  0.41717
33N-HN      499.2 5.0e-01 7.000e+02 1.3e+01  1.0  0.41722  0.00310  0.41701
33N-HN      499.2 5.0e-01 6.750e+02 1.3e+01  1.0  0.41877  0.00310  0.41684
33N-HN      499.2 5.0e-01 6.500e+02 1.3e+01  1.0  0.41872  0.00310  0.41663
33N-HN      499.2 5.0e-01 6.250e+02 1.3e+01  1.0  0.41953  0.00310  0.41640
33N-HN      499.2 5.0e-01 6.000e+02 1.3e+01  1.0  0.41831  0.00310  0.41612
33N-HN      499.2 5.0e-01 5.750e+02 1.3e+01  1.0  0.41561  0.00310  0.41578
33N-HN      499.2 5.0e-01 5.500e+02 1.3e+01  1.0  0.41624  0.00310  0.41538
33N-HN      499.2 5.0e-01 5.250e+02 1.3e+01  1.0  0.41443  0.00310  0.41490
33N-HN      499.2 5.0e-01 5.000e+02 1.3e+01  1.0  0.41131  0.00310  0.41430
33N-HN      499.2 5.0e-01 4.750e+02 1.3e+01  1.0  0.41500  0.00310  0.41355
33N-HN      499.2 5.0e-01 4.500e+02 1.3e+01  1.0  0.41513  0.00310  0.41259
33N-HN      499.2 5.0e-01 4.250e+02 1.3e+01  1.0  0.41388  0.00310  0.41134
33N-HN      499.2 5.0e-01 4.000e+02 1.3e+01  1.0  0.41172  0.00310  0.40967
33N-HN      499.2 5.0e-01 3.750e+02 1.3e+01  1.0  0.41207  0.00310  0.40737
33N-HN      499.2 5.0e-01 3.500e+02 1.3e+01  1.0  0.40342  0.00310  0.40407
33N-HN      499.2 5.0e-01 3.250e+02 1.3e+01  1.0  0.40096  0.00310  0.39913
33N-HN      499.2 5.0e-01 3.000e+02 1.3e+01  1.0  0.38934  0.00310  0.39122
33N-HN      499.2 5.0e-01 2.750e+02 1.3e+01  1.0  0.37688  0.00310  0.37754
33N-HN      499.2 5.0e-01 2.500e+02 1.3e+01  1.0  0.34836  0.00310  0.35100
33N-HN      499.2 5.0e-01 2.250e+02 1.3e+01  1.0  0.29156  0.00310  0.29144
33N-HN      499.2 5.0e-01 2.000e+02 1.3e+01  1.0  0.14543  0.00310  0.14260
33N-HN      499.2 5.0e-01 1.750e+02 1.3e+01  1.0  0.00214  0.00310  0.00052
33N-HN      499.2 5.0e-01 1.500e+02 1.3e+01  1.0  0.04474  0.00310  0.04685
33N-HN      499.2 5.0e-01 1.250e+02 1.3e+01  1.0  0.23861  0.00310  0.23538
33N-HN      499.2 5.0e-01 1.000e+02 1.3e+01  1.0  0.31853  0.00310  0.32264
33N-HN      499.2 5.0e-01 7.500e+01 1.3e+01  1.0  0.35817  0.00310  0.35848
33N-HN      499.2 5.0e-01 5.000e+01 1.3e+01  1.0  0.37327  0.00310  0.37411
33N-HN      499.2 5.0e-01 2.500e+01 1.3e+01  1.0  0.37641  0.00310  0.37898
33N-HN      499.2 5.0e-01 -0.000e+00 1.3e+01  1.0  0.37411  0.00310  0.37347
33N-HN      499.2 5.0e-01 -2.500e+01 1.3e+01  1.0  0.35485  0.00310  0.35077
33N-HN      499.2 5.0e-01 -5.000e+01 1.3e+01  1.0  0.33364  0.00310  0.33371
33N-HN      499.2 5.0e-01 -7.500e+01 1.3e+01  1.0  0.37020  0.00310  0.37118
33N-HN      499.2 5.0e-01 -1.000e+02 1.3e+01  1.0  0.39686  0.00310  0.39486
33N-HN      499.2 5.0e-01 -1.250e+02 1.3e+01  1.0  0.40251  0.00310  0.40446
33N-HN      499.2 5.0e-01 -1.500e+02 1.3e+01  1.0  0.41169  0.00310  0.40898
33N-HN      499.2 5.0e-01 -1.750e+02 1.3e+01  1.0  0.41270  0.00310  0.41147
33N-HN      499.2 5.0e-01 -2.000e+02 1.3e+01  1.0  0.41361  0.00310  0.41302
33N-HN      499.2 5.0e-01 -2.250e+02 1.3e+01  1.0  0.41678  0.00310  0.41407
33N-HN      499.2 5.0e-01 -2.500e+02 1.3e+01  1.0  0.41612  0.00310  0.41483
33N-HN      499.2 5.0e-01 -2.750e+02 1.3e+01  1.0  0.41320  0.00310  0.41539
33N-HN      499.2 5.0e-01 -3.000e+02 1.3e+01  1.0  0.41085  0.00310  0.41584
33N-HN      499.2 5.0e-01 -3.250e+02 1.3e+01  1.0  0.41545  0.00310  0.41619
33N-HN      499.2 5.0e-01 -3.500e+02 1.3e+01  1.0  0.41170  0.00310  0.41648
33N-HN      499.2 5.0e-01 -3.750e+02 1.3e+01  1.0  0.41926  0.00310  0.41672
33N-HN      499.2 5.0e-01 -4.000e+02 1.3e+01  1.0  0.41364  0.00310  0.41693
33N-HN      499.2 5.0e-01 -4.250e+02 1.3e+01  1.0  0.41985  0.00310  0.41710
33N-HN      499.2 5.0e-01 -4.500e+02 1.3e+01  1.0  0.41883  0.00310  0.41725
33N-HN      499.2 5.0e-01 -4.750e+02 1.3e+01  1.0  0.41871  0.00310  0.41737
33N-HN      499.2 5.0e-01 -5.000e+02 1.3e+01  1.0  0.41943  0.00310  0.41749
33N-HN      499.2 5.0e-01 -5.250e+02 1.3e+01  1.0  0.41834  0.00310  0.41759
33N-HN      499.2 5.0e-01 -5.500e+02 1.3e+01  1.0  0.41347  0.00310  0.41767
33N-HN      499.2 5.0e-01 -5.750e+02 1.3e+01  1.0  0.41620  0.00310  0.41775
33N-HN      499.2 5.0e-01 -6.000e+02 1.3e+01  1.0  0.41728  0.00310  0.41782
33N-HN      499.2 5.0e-01 -6.250e+02 1.3e+01  1.0  0.41695  0.00310  0.41789
33N-HN      499.2 5.0e-01 -6.500e+02 1.3e+01  1.0  0.41954  0.00310  0.41794
33N-HN      499.2 5.0e-01 -6.750e+02 1.3e+01  1.0  0.41353  0.00310  0.41799
33N-HN      499.2 5.0e-01 -7.000e+02 1.3e+01  1.0  0.41691  0.00310  0.41804
33N-HN      499.2 5.0e-01 -7.250e+02 1.3e+01  1.0  0.41668  0.00310  0.41808
33N-HN      499.2 5.0e-01 -7.500e+02 1.3e+01  1.0  0.41762  0.00310  0.41812
37N-HN      499.2 5.0e-01 1.000e+04 1.3e+01  1.0  1.00000  0.00378  0.99881
37N-HN      499.2 5.0e-01 7.500e+02 1.3e+01  1.0  0.44310  0.00378  0.44181
37N-HN      499.2 5.0e-01 7.250e+02 1.3e+01  1.0  0.44137  0.00378  0.44168
37N-HN      499.2 5.0e-01 7.000e+02 1.3e+01  1.0  0.44021  0.00378  0.44152
37N-HN      499.2 5.0e-01 6.750e+02 1.3e+01  1.0  0.44416  0.00378  0.44135
37N-HN      499.2 5.0e-01 6.500e+02 1.3e+01  1.0  0.44193  0.00378  0.44114
37N-HN      499.2 5.0e-01 6.250e+02 1.3e+01  1.0  0.44782  0.00378  0.44091
37N-HN      499.2 5.0e-01 6.000e+02 1.3e+01  1.0  0.43765  0.00378  0.44063
37N-HN      499.2 5.0e-01 5.750e+02 1.3e+01  1.0  0.44302  0.00378  0.44031
37N-HN      499.2 5.0e-01 5.500e+02 1.3e+01  1.0  0.43429  0.00378  0.43993
37N-HN      499.2 5.0e-01 5.250e+02 1.3e+01  1.0  0.44227  0.00378  0.43947
37N-HN      499.2 5.0e-01 5.000e+02 1.3e+01  1.0  0.43673  0.00378  0.43891
37N-HN      499.2 5.0e-01 4.750e+02 1.3e+01  1.0  0.43864  0.00378  0.43823
37N-HN      499.2 5.0e-01 4.500e+02 1.3e+01  1.0  0.43539  0.00378  0.43737
37N-HN      499.2 5.0e-01 4.250e+02 1.3e+01  1.0  0.43376  0.00378  0.43627
37N-HN      499.2 5.0e-01 4.000e+02 1.3e+01  1.0  0.43622  0.00378  0.43485
37N-HN      499.2 5.0e-01 3.750e+02 1.3e+01  1.0  0.43062  0.00378  0.43295
37N-HN      499.2 5.0e-01 3.500e+02 1.3e+01  1.0  0.43001  0.00378  0.43034
37N-HN      499.2 5.0e-01 3.250e+02 1.3e+01  1.0  0.42599  0.00378  0.42662
37N-HN      499.2 5.0e-01 3.000e+02 1.3e+01  1.0  0.41874  0.00378  0.42105
37N-HN      499.2 5.0e-01 2.750e+02 1.3e+01  1.0  0.41121  0.00378  0.41221
37N-HN      499.2 5.0e-01 2.500e+02 1.3e+01  1.0  0.39811  0.00378  0.39702
37N-HN      499.2 5.0e-01 2.250e+02 1.3e+01  1.0  0.36739  0.00378  0.36797
37N-HN      499.2 5.0e-01 2.000e+02 1.3e+01  1.0  0.30948  0.00378  0.30423
37N-HN      499.2 5.0e-01 1.750e+02 1.3e+01  1.0  0.14771  0.00378  0.15026
37N-HN      499.2 5.0e-01 1.500e+02 1.3e+01  1.0  0.00262  0.00378  0.00052
37N-HN      499.2 5.0e-01 1.250e+02 1.3e+01  1.0  0.03052  0.00378  0.03167
37N-HN      499.2 5.0e-01 1.000e+02 1.3e+01  1.0  0.23097  0.00378  0.22910
37N-HN      499.2 5.0e-01 7.500e+01 1.3e+01  1.0  0.33160  0.00378  0.33191
37N-HN      499.2 5.0e-01 5.000e+01 1.3e+01  1.0  0.37768  0.00378  0.37520
37N-HN      499.2 5.0e-01 2.500e+01 1.3e+01  1.0  0.39417  0.00378  0.39524
37N-HN      499.2 5.0e-01 -0.000e+00 1.3e+01  1.0  0.40751  0.00378  0.40435
37N-HN      499.2 5.0e-01 -2.500e+01 1.3e+01  1.0  0.40717  0.00378  0.40606
37N-HN      499.2 5.0e-01 -5.000e+01 1.3e+01  1.0  0.39424  0.00378  0.39908
37N-HN      499.2 5.0e-01 -7.500e+01 1.3e+01  1.0  0.37788  0.00378  0.37740
37N-HN      499.2 5.0e-01 -1.000e+02 1.3e+01  1.0  0.35901  0.00378  0.35806
37N-HN      499.2 5.0e-01 -1.250e+02 1.3e+01  1.0  0.38491  0.00378  0.38897
37N-HN      499.2 5.0e-01 -1.500e+02 1.3e+01  1.0  0.41445  0.00378  0.41503
37N-HN      499.2 5.0e-01 -1.750e+02 1.3e+01  1.0  0.42859  0.00378  0.42653
37N-HN      499.2 5.0e-01 -2.000e+02 1.3e+01  1.0  0.43110  0.00378  0.43200
37N-HN      499.2 5.0e-01 -2.250e+02 1.3e+01  1.0  0.43466  0.00378  0.43499
37N-HN      499.2 5.0e-01 -2.500e+02 1.3e+01  1.0  0.43577  0.00378  0.43682
37N-HN      499.2 5.0e-01 -2.750e+02 1.3e+01  1.0  0.43729  0.00378  0.43805
37N-HN      499.2 5.0e-01 -3.000e+02 1.3e+01  1.0  0.44247  0.00378  0.43892
37N-HN      499.2 5.0e-01 -3.250e+02 1.3e+01  1.0  0.43624  0.00378  0.43958
37N-HN      499.2 5.0e-01 -3.500e+02 1.3e+01  1.0  0.44330  0.00378  0.44008
37N-HN      499.2 5.0e-01 -3.750e+02 1.3e+01  1.0  0.43885  0.00378  0.44048
37N-HN      499.2 5.0e-01 -4.000e+02 1.3e+01  1.0  0.43778  0.00378  0.44081
37N-HN      499.2 5.0e-01 -4.250e+02 1.3e+01  1.0  0.44184  0.00378  0.44108
37N-HN      499.2 5.0e-01 -4.500e+02 1.3e+01  1.0  0.43762  0.00378  0.44131
37N-HN      499.2 5.0e-01 -4.750e+02 1.3e+01  1.0  0.44272  0.00378  0.44150
37N-HN      499.2 5.0e-01 -5.000e+02 1.3e+01  1.0  0.44353  0.00378  0.44166
37N-HN      499.2 5.0e-01 -5.250e+02 1.3e+01  1.0  0.44022  0.00378  0.44181
37N-HN      499.2 5.0e-01 -5.500e+02 1.3e+01  1.0  0.44259  0.00378  0.44193
37N-HN      499.2 5.0e-01 -5.750e+02 1.3e+01  1.0  0.44778  0.00378  0.44205
37N-HN      499.2 5.0e-01 -6.000e+02 1.3e+01  1.0  0.44422  0.00378  0.44214
37N-HN      499.2 5.0e-01 -6.250e+02 1.3e+01  1.0  0.44148  0.00378  0.44223
37N-HN      499.2 5.0e-01 -6.500e+02 1.3e+01  1.0  0.44148  0.00378  0.44231
37N-HN      499.2 5.0e-01 -6.750e+02 1.3e+01  1.0  0.44267  0.00378  0.44238
37N-HN      499.2 5.0e-01 -7.000e+02 1.3e+01  1.0  0.44277  0.00378  0.44244
37N-HN      499.2 5.0e-01 -7.250e+02 1.3e+01  1.0  0.44231  0.00378  0.44250
37N-HN      499.2 5.0e-01 -7.500e+02 1.3e+01  1.0  0.43874  0.00378  0.44255
41N-HN      499.2 5.0e-01 1.000e+04 1.3e+01  1.0  1.00000  0.00303  0.99873
41N-HN      499.2 5.0e-01 7.500e+02 1.3e+01  1.0  0.44577  0.00303  0.44838
41N-HN      499.2 5.0e-01 7.250e+02 1.3e+01  1.0  0.44627  0.00303  0.44816
41N-HN      499.2 5.0e-01 7.000e+02 1.3e+01  1.0  0.45058  0.00303  0.44790
41N-HN      499.2 5.0e-01 6.750e+02 1.3e+01  1.0  0.44270  0.00303  0.44761
41N-HN      499.2 5.0e-01 6.500e+02 1.3e+01  1.0  0.45125  0.00303  0.44726
41N-HN      499.2 5.0e-01 6.250e+02 1.3e+01  1.0  0.44850  0.00303  0.44684
41N-HN      499.2 5.0e-01 6.000e+02 1.3e+01  1.0  0.44666  0.00303  0.44634
41N-HN      499.2 5.0e-01 5.750e+02 1.3e+01  1.0  0.44761  0.00303  0.44573
41N-HN      499.2 5.0e-01 5.500e+02 1.3e+01  1.0  0.43704  0.00303  0.44497
41N-HN      499.2 5.0e-01 5.250e+02 1.3e+01  1.0  0.44064  0.00303  0.44403
41N-HN      499.2 5.0e-01 5.000e+02 1.3e+01  1.0  0.44098  0.00303  0.44283
41N-HN      499.2 5.0e-01 4.750e+02 1.3e+01  1.0  0.44248  0.00303  0.44126
41N-HN      499.2 5.0e-01 4.500e+02 1.3e+01  1.0  0.44067  0.00303  0.43916
41N-HN      499.2 5.0e-01 4.250e+02 1.3e+01  1.0  0.43689  0.00303  0.43627
41N-HN      499.2 5.0e-01 4.000e+02 1.3e+01  1.0  0.43173  0.00303  0.43213
41N-HN      499.2 5.0e-01 3.750e+02 1.3e+01  1.0  0.42571  0.00303  0.42591
41N-HN      499.2 5.0e-01 3.500e+02 1.3e+01  1.0  0.41446  0.00303  0.41598
41N-HN      499.2 5.0e-01 3.250e+02 1.3e+01  1.0  0.39624  0.00303  0.39882
41N-HN      499.2 5.0e-01 3.000e+02 1.3e+01  1.0  0.36539  0.00303  0.36580
41N-HN      499.2 5.0e-01 2.750e+02 1.3e+01  1.0  0.29784  0.00303  0.29310
41N-HN      499.2 5.0e-01 2.500e+02 1.3e+01  1.0  0.12471  0.00303  0.12396
41N-HN      499.2 5.0e-01 2.250e+02 1.3e+01  1.0  0.00118  0.00303  0.00017
41N-HN      499.2 5.0e-01 2.000e+02 1.3e+01  1.0  0.03986  0.00303  0.04185
41N-HN      499.2 5.0e-01 1.750e+02 1.3e+01  1.0  0.24247  0.00303  0.23922
41N-HN      499.2 5.0e-01 1.500e+02 1.3e+01  1.0  0.34035  0.00303  0.33978
41N-HN      499.2 5.0e-01 1.250e+02 1.3e+01  1.0  0.38463  0.00303  0.38354
41N-HN      499.2 5.0e-01 1.000e+02 1.3e+01  1.0  0.40287  0.00303  0.40501
41N-HN      499.2 5.0e-01 7.500e+01 1.3e+01  1.0  0.41168  0.00303  0.41654
41N-HN      499.2 5.0e-01 5.000e+01 1.3e+01  1.0  0.41348  0.00303  0.42281
41N-HN      499.2 5.0e-01 2.500e+01 1.3e+01  1.0  0.42504  0.00303  0.42566
41N-HN      499.2 5.0e-01 -0.000e+00 1.3e+01  1.0  0.42703  0.00303  0.42537
41N-HN      499.2 5.0e-01 -2.500e+01 1.3e+01  1.0  0.41863  0.00303  0.42065
41N-HN      499.2 5.0e-01 -5.000e+01 1.3e+01  1.0  0.40174  0.00303  0.40706
41N-HN      499.2 5.0e-01 -7.500e+01 1.3e+01  1.0  0.37746  0.00303  0.37848
41N-HN      499.2 5.0e-01 -1.000e+02 1.3e+01  1.0  0.36479  0.00303  0.37230
41N-HN      499.2 5.0e-01 -1.250e+02 1.3e+01  1.0  0.40403  0.00303  0.40714
41N-HN      499.2 5.0e-01 -1.500e+02 1.3e+01  1.0  0.42678  0.00303  0.42765
41N-HN      499.2 5.0e-01 -1.750e+02 1.3e+01  1.0  0.43714  0.00303  0.43663
41N-HN      499.2 5.0e-01 -2.000e+02 1.3e+01  1.0  0.44223  0.00303  0.44103
41N-HN      499.2 5.0e-01 -2.250e+02 1.3e+01  1.0  0.44390  0.00303  0.44348
41N-HN      499.2 5.0e-01 -2.500e+02 1.3e+01  1.0  0.45540  0.00303  0.44500
41N-HN      499.2 5.0e-01 -2.750e+02 1.3e+01  1.0  0.45025  0.00303  0.44602
41N-HN      499.2 5.0e-01 -3.000e+02 1.3e+01  1.0  0.44899  0.00303  0.44675
41N-HN      499.2 5.0e-01 -3.250e+02 1.3e+01  1.0  0.44430  0.00303  0.44729
41N-HN      499.2 5.0e-01 -3.500e+02 1.3e+01  1.0  0.44710  0.00303  0.44771
41N-HN      499.2 5.0e-01 -3.750e+02 1.3e+01  1.0  0.44932  0.00303  0.44805
41N-HN      499.2 5.0e-01 -4.000e+02 1.3e+01  1.0  0.45150  0.00303  0.44832
41N-HN      499.2 5.0e-01 -4.250e+02 1.3e+01  1.0  0.45356  0.00303  0.44855
41N-HN      499.2 5.0e-01 -4.500e+02 1.3e+01  1.0  0.45119  0.00303  0.44874
41N-HN      499.2 5.0e-01 -4.750e+02 1.3e+01  1.0  0.44854  0.00303  0.44890
41N-HN      499.2 5.0e-01 -5.000e+02 1.3e+01  1.0  0.45193  0.00303  0.44904
41N-HN      499.2 5.0e-01 -5.250e+02 1.3e+01  1.0  0.44940  0.00303  0.44916
41N-HN      499.2 5.0e-01 -5.500e+02 1.3e+01  1.0  0.45314  0.00303  0.44927
41N-HN      499.2 5.0e-01 -5.750e+02 1.3e+01  1.0  0.45148  0.00303  0.44936
41N-HN      499.2 5.0e-01 -6.000e+02 1.3e+01  1.0  0.45361  0.00303  0.44945
41N-HN      499.2 5.0e-01 -6.250e+02 1.3e+01  1.0  0.45105  0.00303  0.44952
41N-HN      499.2 5.0e-01 -6.500e+02 1.3e+01  1.0  0.44954  0.00303  0.44959
41N-HN      499.2 5.0e-01 -6.750e+02 1.3e+01  1.0  0.44943  0.00303  0.44965
41N-HN      499.2 5.0e-01 -7.000e+02 1.3e+01  1.0  0.44852  0.00303  0.44971
41N-HN      499.2 5.0e-01 -7.250e+02 1.3e+01  1.0  0.44707  0.00303  0.44976
41N-HN      499.2 5.0e-01 -7.500e+02 1.3e+01  1.0  0.44827  0.00303  0.44980
42N-HN      499.2 5.0e-01 1.000e+04 1.3e+01  1.0  1.00000  0.00490  0.99848
42N-HN      499.2 5.0e-01 7.500e+02 1.3e+01  1.0  0.42750  0.00490  0.43179
42N-HN      499.2 5.0e-01 7.250e+02 1.3e+01  1.0  0.43324  0.00490  0.43151
42N-HN      499.2 5.0e-01 7.000e+02 1.3e+01  1.0  0.43105  0.00490  0.43118
42N-HN      499.2 5.0e-01 6.750e+02 1.3e+01  1.0  0.42781  0.00490  0.43079
42N-HN      499.2 5.0e-01 6.500e+02 1.3e+01  1.0  0.42792  0.00490  0.43032
42N-HN      499.2 5.0e-01 6.250e+02 1.3e+01  1.0  0.43185  0.00490  0.42974
42N-HN      499.2 5.0e-01 6.000e+02 1.3e+01  1.0  0.43163  0.00490  0.42903
42N-HN      499.2 5.0e-01 5.750e+02 1.3e+01  1.0  0.42604  0.00490  0.42813
42N-HN      499.2 5.0e-01 5.500e+02 1.3e+01  1.0  0.43059  0.00490  0.42698
42N-HN      499.2 5.0e-01 5.250e+02 1.3e+01  1.0  0.42585  0.00490  0.42548
42N-HN      499.2 5.0e-01 5.000e+02 1.3e+01  1.0  0.41919  0.00490  0.42345
42N-HN      499.2 5.0e-01 4.750e+02 1.3e+01  1.0  0.41698  0.00490  0.42063
42N-HN      499.2 5.0e-01 4.500e+02 1.3e+01  1.0  0.41623  0.00490  0.41656
42N-HN      499.2 5.0e-01 4.250e+02 1.3e+01  1.0  0.40472  0.00490  0.41034
42N-HN      499.2 5.0e-01 4.000e+02 1.3e+01  1.0  0.40062  0.00490  0.40024
42N-HN      499.2 5.0e-01 3.750e+02 1.3e+01  1.0  0.37812  0.00490  0.38230
42N-HN      499.2 5.0e-01 3.500e+02 1.3e+01  1.0  0.34790  0.00490  0.34648
42N-HN      499.2 5.0e-01 3.250e+02 1.3e+01  1.0  0.27082  0.00490  0.26374
42N-HN      499.2 5.0e-01 3.000e+02 1.3e+01  1.0  0.07629  0.00490  0.07577
42N-HN      499.2 5.0e-01 2.750e+02 1.3e+01  1.0 -0.00486  0.00490 -0.00013
42N-HN      499.2 5.0e-01 2.500e+02 1.3e+01  1.0  0.10483  0.00490  0.09944
42N-HN      499.2 5.0e-01 2.250e+02 1.3e+01  1.0  0.27466  0.00490  0.27251
42N-HN      499.2 5.0e-01 2.000e+02 1.3e+01  1.0  0.34315  0.00490  0.34676
42N-HN      499.2 5.0e-01 1.750e+02 1.3e+01  1.0  0.37772  0.00490  0.37942
42N-HN      499.2 5.0e-01 1.500e+02 1.3e+01  1.0  0.39775  0.00490  0.39568
42N-HN      499.2 5.0e-01 1.250e+02 1.3e+01  1.0  0.40268  0.00490  0.40435
42N-HN      499.2 5.0e-01 1.000e+02 1.3e+01  1.0  0.40915  0.00490  0.40876
42N-HN      499.2 5.0e-01 7.500e+01 1.3e+01  1.0  0.41380  0.00490  0.41014
42N-HN      499.2 5.0e-01 5.000e+01 1.3e+01  1.0  0.41082  0.00490  0.40841
42N-HN      499.2 5.0e-01 2.500e+01 1.3e+01  1.0  0.40115  0.00490  0.40220
42N-HN      499.2 5.0e-01 -0.000e+00 1.3e+01  1.0  0.39398  0.00490  0.38852
42N-HN      499.2 5.0e-01 -2.500e+01 1.3e+01  1.0  0.36850  0.00490  0.36949
42N-HN      499.2 5.0e-01 -5.000e+01 1.3e+01  1.0  0.36599  0.00490  0.37177
42N-HN      499.2 5.0e-01 -7.500e+01 1.3e+01  1.0  0.38896  0.00490  0.39461
42N-HN      499.2 5.0e-01 -1.000e+02 1.3e+01  1.0  0.41301  0.00490  0.41076
42N-HN      499.2 5.0e-01 -1.250e+02 1.3e+01  1.0  0.41935  0.00490  0.41923
42N-HN      499.2 5.0e-01 -1.500e+02 1.3e+01  1.0  0.42845  0.00490  0.42381
42N-HN      499.2 5.0e-01 -1.750e+02 1.3e+01  1.0  0.43356  0.00490  0.42649
42N-HN      499.2 5.0e-01 -2.000e+02 1.3e+01  1.0  0.42858  0.00490  0.42820
42N-HN      499.2 5.0e-01 -2.250e+02 1.3e+01  1.0  0.43104  0.00490  0.42935
42N-HN      499.2 5.0e-01 -2.500e+02 1.3e+01  1.0  0.42955  0.00490  0.43018
42N-HN      499.2 5.0e-01 -2.750e+02 1.3e+01  1.0  0.43499  0.00490  0.43079
42N-HN      499.2 5.0e-01 -3.000e+02 1.3e+01  1.0  0.43316  0.00490  0.43127
42N-HN      499.2 5.0e-01 -3.250e+02 1.3e+01  1.0  0.43150  0.00490  0.43164
42N-HN      499.2 5.0e-01 -3.500e+02 1.3e+01  1.0  0.41932  0.00490  0.43194
42N-HN      499.2 5.0e-01 -3.750e+02 1.3e+01  1.0  0.43589  0.00490  0.43219
42N-HN      499.2 5.0e-01 -4.000e+02 1.3e+01  1.0  0.42520  0.00490  0.43240
42N-HN      499.2 5.0e-01 -4.250e+02 1.3e+01  1.0  0.43678  0.00490  0.43257
42N-HN      499.2 5.0e-01 -4.500e+02 1.3e+01  1.0  0.43520  0.00490  0.43272
42N-HN      499.2 5.0e-01 -4.750e+02 1.3e+01  1.0  0.42780  0.00490  0.43285
42N-HN      499.2 5.0e-01 -5.000e+02 1.3e+01  1.0  0.43862  0.00490  0.43297
42N-HN      499.2 5.0e-01 -5.250e+02 1.3e+01  1.0  0.42944  0.00490  0.43307
42N-HN      499.2 5.0e-01 -5.500e+02 1.3e+01  1.0  0.43351  0.00490  0.43315
42N-HN      499.2 5.0e-01 -5.750e+02 1.3e+01  1.0  0.43325  0.00490  0.43323
42N-HN      499.2 5.0e-01 -6.000e+02 1.3e+01  1.0  0.43138  0.00490  0.43330
42N-HN      499.2 5.0e-01 -6.250e+02 1.3e+01  1.0  0.43110  0.00490  0.43337
42N-HN      499.2 5.0e-01 -6.500e+02 1.3e+01  1.0  0.43548  0.00490  0.43342
42N-HN      499.2 5.0e-01 -6.750e+02 1.3e+01  1.0  0.43160  0.00490  0.43347
42N-HN      499.2 5.0e-01 -7.000e+02 1.3e+01  1.0  0.44006  0.00490  0.43352
42N-HN      499.2 5.0e-01 -7.250e+02 1.3e+01  1.0  0.43322  0.00490  0.43356
42N-HN      499.2 5.0e-01 -7.500e+02 1.3e+01  1.0  0.43391  0.00490  0.43360
43N-HN      499.2 5.0e-01 1.000e+04 1.3e+01  1.0  1.00000  0.00633  1.00146
43N-HN      499.2 5.0e-01 7.500e+02 1.3e+01  1.0  0.42979  0.00633  0.42384
43N-HN      499.2 5.0e-01 7.250e+02 1.3e+01  1.0  0.43290  0.00633  0.42156
43N-HN      499.2 5.0e-01 7.000e+02 1.3e+01  1.0  0.40744  0.00633  0.41834
43N-HN      499.2 5.0e-01 6.750e+02 1.3e+01  1.0  0.41090  0.00633  0.41359
43N-HN      499.2 5.0e-01 6.500e+02 1.3e+01  1.0  0.41221  0.00633  0.40615
43N-HN      499.2 5.0e-01 6.250e+02 1.3e+01  1.0  0.39744  0.00633  0.39366
43N-HN      499.2 5.0e-01 6.000e+02 1.3e+01  1.0  0.36997  0.00633  0.37044
43N-HN      499.2 5.0e-01 5.750e+02 1.3e+01  1.0  0.32400  0.00633  0.32128
43N-HN      499.2 5.0e-01 5.500e+02 1.3e+01  1.0  0.20376  0.00633  0.20188
43N-HN      499.2 5.0e-01 5.250e+02 1.3e+01  1.0  0.00803  0.00633  0.01034
43N-HN      499.2 5.0e-01 5.000e+02 1.3e+01  1.0 -0.00042  0.00633  0.00648
43N-HN      499.2 5.0e-01 4.750e+02 1.3e+01  1.0  0.18869  0.00633  0.18979
43N-HN      499.2 5.0e-01 4.500e+02 1.3e+01  1.0  0.31728  0.00633  0.31478
43N-HN      499.2 5.0e-01 4.250e+02 1.3e+01  1.0  0.36318  0.00633  0.36646
43N-HN      499.2 5.0e-01 4.000e+02 1.3e+01  1.0  0.39523  0.00633  0.39074
43N-HN      499.2 5.0e-01 3.750e+02 1.3e+01  1.0  0.39992  0.00633  0.40378
43N-HN      499.2 5.0e-01 3.500e+02 1.3e+01  1.0  0.41182  0.00633  0.41149
43N-HN      499.2 5.0e-01 3.250e+02 1.3e+01  1.0  0.41039  0.00633  0.41638
43N-HN      499.2 5.0e-01 3.000e+02 1.3e+01  1.0  0.41769  0.00633  0.41966
43N-HN      499.2 5.0e-01 2.750e+02 1.3e+01  1.0  0.42792  0.00633  0.42192
43N-HN      499.2 5.0e-01 2.500e+02 1.3e+01  1.0  0.42478  0.00633  0.42352
43N-HN      499.2 5.0e-01 2.250e+02 1.3e+01  1.0  0.42374  0.00633  0.42466
43N-HN      499.2 5.0e-01 2.000e+02 1.3e+01  1.0  0.42576  0.00633  0.42546
43N-HN      499.2 5.0e-01 1.750e+02 1.3e+01  1.0  0.42267  0.00633  0.42597
43N-HN      499.2 5.0e-01 1.500e+02 1.3e+01  1.0  0.42183  0.00633  0.42626
43N-HN      499.2 5.0e-01 1.250e+02 1.3e+01  1.0  0.42905  0.00633  0.42631
43N-HN      499.2 5.0e-01 1.000e+02 1.3e+01  1.0  0.42179  0.00633  0.42612
43N-HN      499.2 5.0e-01 7.500e+01 1.3e+01  1.0  0.42750  0.00633  0.42563
43N-HN      499.2 5.0e-01 5.000e+01 1.3e+01  1.0  0.42177  0.00633  0.42473
43N-HN      499.2 5.0e-01 2.500e+01 1.3e+01  1.0  0.42682  0.00633  0.42323
43N-HN      499.2 5.0e-01 -0.000e+00 1.3e+01  1.0  0.41869  0.00633  0.42075
43N-HN      499.2 5.0e-01 -2.500e+01 1.3e+01  1.0  0.41419  0.00633  0.41662
43N-HN      499.2 5.0e-01 -5.000e+01 1.3e+01  1.0  0.42001  0.00633  0.40958
43N-HN      499.2 5.0e-01 -7.500e+01 1.3e+01  1.0  0.40358  0.00633  0.39801
43N-HN      499.2 5.0e-01 -1.000e+02 1.3e+01  1.0  0.38420  0.00633  0.38356
43N-HN      499.2 5.0e-01 -1.250e+02 1.3e+01  1.0  0.37587  0.00633  0.37948
43N-HN      499.2 5.0e-01 -1.500e+02 1.3e+01  1.0  0.38314  0.00633  0.39220
43N-HN      499.2 5.0e-01 -1.750e+02 1.3e+01  1.0  0.41189  0.00633  0.40659
43N-HN      499.2 5.0e-01 -2.000e+02 1.3e+01  1.0  0.41107  0.00633  0.41594
43N-HN      499.2 5.0e-01 -2.250e+02 1.3e+01  1.0  0.41794  0.00633  0.42144
43N-HN      499.2 5.0e-01 -2.500e+02 1.3e+01  1.0  0.43088  0.00633  0.42475
43N-HN      499.2 5.0e-01 -2.750e+02 1.3e+01  1.0  0.42183  0.00633  0.42684
43N-HN      499.2 5.0e-01 -3.000e+02 1.3e+01  1.0  0.42204  0.00633  0.42823
43N-HN      499.2 5.0e-01 -3.250e+02 1.3e+01  1.0  0.43739  0.00633  0.42920
43N-HN      499.2 5.0e-01 -3.500e+02 1.3e+01  1.0  0.43315  0.00633  0.42990
43N-HN      499.2 5.0e-01 -3.750e+02 1.3e+01  1.0  0.43845  0.00633  0.43041
43N-HN      499.2 5.0e-01 -4.000e+02 1.3e+01  1.0  0.43369  0.00633  0.43081
43N-HN      499.2 5.0e-01 -4.250e+02 1.3e+01  1.0  0.42464  0.00633  0.43112
43N-HN      499.2 5.0e-01 -4.500e+02 1.3e+01  1.0  0.43147  0.00633  0.43137
43N-HN      499.2 5.0e-01 -4.750e+02 1.3e+01  1.0  0.43467  0.00633  0.43158
43N-HN      499.2 5.0e-01 -5.000e+02 1.3e+01  1.0  0.42980  0.00633  0.43175
43N-HN      499.2 5.0e-01 -5.250e+02 1.3e+01  1.0  0.42806  0.00633  0.43189
43N-HN      499.2 5.0e-01 -5.500e+02 1.3e+01  1.0  0.43239  0.00633  0.43201
43N-HN      499.2 5.0e-01 -5.750e+02 1.3e+01  1.0  0.43105  0.00633  0.43211
43N-HN      499.2 5.0e-01 -6.000e+02 1.3e+01  1.0  0.44202  0.00633  0.43220
43N-HN      499.2 5.0e-01 -6.250e+02 1.3e+01  1.0  0.42801  0.00633  0.43227
43N-HN      499.2 5.0e-01 -6.500e+02 1.3e+01  1.0  0.43088  0.00633  0.43234
43N-HN      499.2 5.0e-01 -6.750e+02 1.3e+01  1.0  0.42703  0.00633  0.43240
43N-HN      499.2 5.0e-01 -7.000e+02 1.3e+01  1.0  0.43623  0.00633  0.43246
43N-HN      499.2 5.0e-01 -7.250e+02 1.3e+01  1.0  0.42934  0.00633  0.43250
43N-HN      499.2 5.0e-01 -7.500e+02 1.3e+01  1.0  0.42577  0.00633  0.43255
50N-HN      499.2 5.0e-01 1.000e+04 1.3e+01  1.0  1.00000  0.00318  0.99998
50N-HN      499.2 5.0e-01 7.500e+02 1.3e+01  1.0  0.41152  0.00318  0.41553
50N-HN      499.2 5.0e-01 7.250e+02 1.3e+01  1.0  0.40954  0.00318  0.41086
50N-HN      499.2 5.0e-01 7.000e+02 1.3e+01  1.0  0.40439  0.00318  0.40350
50N-HN      499.2 5.0e-01 6.750e+02 1.3e+01  1.0  0.39505  0.00318  0.39104
50N-HN      499.2 5.0e-01 6.500e+02 1.3e+01  1.0  0.37571  0.00318  0.36765
50N-HN      499.2 5.0e-01 6.250e+02 1.3e+01  1.0  0.31698  0.00318  0.31731
50N-HN      499.2 5.0e-01 6.000e+02 1.3e+01  1.0  0.19553  0.00318  0.19311
50N-HN      499.2 5.0e-01 5.750e+02 1.3e+01  1.0  0.00975  0.00318  0.00649
50N-HN      499.2 5.0e-01 5.500e+02 1.3e+01  1.0  0.01008  0.00318  0.01238
50N-HN      499.2 5.0e-01 5.250e+02 1.3e+01  1.0  0.19992  0.00318  0.20436
50N-HN      499.2 5.0e-01 5.000e+02 1.3e+01  1.0  0.32309  0.00318  0.31934
50N-HN      499.2 5.0e-01 4.750e+02 1.3e+01  1.0  0.36594  0.00318  0.36672
50N-HN      499.2 5.0e-01 4.500e+02 1.3e+01  1.0  0.39011  0.00318  0.38914
50N-HN      499.2 5.0e-01 4.250e+02 1.3e+01  1.0  0.40565  0.00318  0.40117
50N-HN      499.2 5.0e-01 4.000e+02 1.3e+01  1.0  0.40605  0.00318  0.40826
50N-HN      499.2 5.0e-01 3.750e+02 1.3e+01  1.0  0.40786  0.00318  0.41265
50N-HN      499.2 5.0e-01 3.500e+02 1.3e+01  1.0  0.41611  0.00318  0.41543
50N-HN      499.2 5.0e-01 3.250e+02 1.3e+01  1.0  0.41401  0.00318  0.41710
50N-HN      499.2 5.0e-01 3.000e+02 1.3e+01  1.0  0.41299  0.00318  0.41789
50N-HN      499.2 5.0e-01 2.750e+02 1.3e+01  1.0  0.41808  0.00318  0.41775
50N-HN      499.2 5.0e-01 2.500e+02 1.3e+01  1.0  0.41292  0.00318  0.41634
50N-HN      499.2 5.0e-01 2.250e+02 1.3e+01  1.0  0.41240  0.00318  0.41253
50N-HN      499.2 5.0e-01 2.000e+02 1.3e+01  1.0  0.40354  0.00318  0.40295
50N-HN      499.2 5.0e-01 1.750e+02 1.3e+01  1.0  0.37685  0.00318  0.37746
50N-HN      499.2 5.0e-01 1.500e+02 1.3e+01  1.0  0.33675  0.00318  0.34221
50N-HN      499.2 5.0e-01 1.250e+02 1.3e+01  1.0  0.37489  0.00318  0.37891
50N-HN      499.2 5.0e-01 1.000e+02 1.3e+01  1.0  0.40630  0.00318  0.40746
50N-HN      499.2 5.0e-01 7.500e+01 1.3e+01  1.0  0.41861  0.00318  0.41795
50N-HN      499.2 5.0e-01 5.000e+01 1.3e+01  1.0  0.42192  0.00318  0.42240
50N-HN      499.2 5.0e-01 2.500e+01 1.3e+01  1.0  0.42519  0.00318  0.42463
50N-HN      499.2 5.0e-01 -0.000e+00 1.3e+01  1.0  0.42519  0.00318  0.42592
50N-HN      499.2 5.0e-01 -2.500e+01 1.3e+01  1.0  0.42859  0.00318  0.42673
50N-HN      499.2 5.0e-01 -5.000e+01 1.3e+01  1.0  0.42926  0.00318  0.42728
50N-HN      499.2 5.0e-01 -7.500e+01 1.3e+01  1.0  0.42652  0.00318  0.42768
50N-HN      499.2 5.0e-01 -1.000e+02 1.3e+01  1.0  0.42642  0.00318  0.42798
50N-HN      499.2 5.0e-01 -1.250e+02 1.3e+01  1.0  0.43033  0.00318  0.42821
50N-HN      499.2 5.0e-01 -1.500e+02 1.3e+01  1.0  0.42457  0.00318  0.42840
50N-HN      499.2 5.0e-01 -1.750e+02 1.3e+01  1.0  0.43320  0.00318  0.42855
50N-HN      499.2 5.0e-01 -2.000e+02 1.3e+01  1.0  0.43251  0.00318  0.42867
50N-HN      499.2 5.0e-01 -2.250e+02 1.3e+01  1.0  0.43017  0.00318  0.42878
50N-HN      499.2 5.0e-01 -2.500e+02 1.3e+01  1.0  0.42775  0.00318  0.42887
50N-HN      499.2 5.0e-01 -2.750e+02 1.3e+01  1.0  0.42655  0.00318  0.42895
50N-HN      499.2 5.0e-01 -3.000e+02 1.3e+01  1.0  0.43124  0.00318  0.42902
50N-HN      499.2 5.0e-01 -3.250e+02 1.3e+01  1.0  0.43035  0.00318  0.42908
50N-HN      499.2 5.0e-01 -3.500e+02 1.3e+01  1.0  0.43024  0.00318  0.42914
50N-HN      499.2 5.0e-01 -3.750e+02 1.3e+01  1.0  0.43143  0.00318  0.42919
50N-HN      499.2 5.0e-01 -4.000e+02 1.3e+01  1.0  0.43324  0.00318  0.42923
50N-HN      499.2 5.0e-01 -4.250e+02 1.3e+01  1.0  0.43027  0.00318  0.42927
50N-HN      499.2 5.0e-01 -4.500e+02 1.3e+01  1.0  0.43105  0.00318  0.42931
50N-HN      499.2 5.0e-01 -4.750e+02 1.3e+01  1.0  0.43228  0.00318  0.42934
50N-HN      499.2 5.0e-01 -5.000e+02 1.3e+01  1.0  0.43038  0.00318  0.42937
50N-HN      499.2 5.0e-01 -5.250e+02 1.3e+01  1.0  0.43013  0.00318  0.42940
50N-HN      499.2 5.0e-01 -5.500e+02 1.3e+01  1.0  0.42630  0.00318  0.42942
50N-HN      499.2 5.0e-01 -5.750e+02 1.3e+01  1.0  0.43103  0.00318  0.42945
50N-HN      499.2 5.0e-01 -6.000e+02 1.3e+01  1.0  0.42707  0.00318  0.42947
50N-HN      499.2 5.0e-01 -6.250e+02 1.3e+01  1.0  0.43067  0.00318  0.42949
50N-HN      499.2 5.0e-01 -6.500e+02 1.3e+01  1.0  0.42404  0.00318  0.42951
50N-HN      499.2 5.0e-01 -6.750e+02 1.3e+01  1.0  0.43198  0.00318  0.42953
50N-HN      499.2 5.0e-01 -7.000e+02 1.3e+01  1.0  0.42801  0.00318  0.42954
50N-HN      499.2 5.0e-01 -7.250e+02 1.3e+01  1.0  0.42957  0.00318  0.42956
50N-HN      499.2 5.0e-01 -7.500e+02 1.3e+01  1.0  0.42662  0.00318  0.42957
52N-HN      499.2 5.0e-01 1.000e+04 1.3e+01  1.0  1.00000  0.00495  0.99873
52N-HN      499.2 5.0e-01 7.500e+02 1.3e+01  1.0  0.43049  0.00495  0.43270
52N-HN      499.2 5.0e-01 7.250e+02 1.3e+01  1.0  0.43536  0.00495  0.43206
52N-HN      499.2 5.0e-01 7.000e+02 1.3e+01  1.0  0.43325  0.00495  0.43126
52N-HN      499.2 5.0e-01 6.750e+02 1.3e+01  1.0  0.43038  0.00495  0.43024
52N-HN      499.2 5.0e-01 6.500e+02 1.3e+01  1.0  0.42560  0.00495  0.42893
52N-HN      499.2 5.0e-01 6.250e+02 1.3e+01  1.0  0.41706  0.00495  0.42718
52N-HN      499.2 5.0e-01 6.000e+02 1.3e+01  1.0  0.42296  0.00495  0.42479
52N-HN      499.2 5.0e-01 5.750e+02 1.3e+01  1.0  0.41960  0.00495  0.42142
52N-HN      499.2 5.0e-01 5.500e+02 1.3e+01  1.0  0.41647  0.00495  0.41645
52N-HN      499.2 5.0e-01 5.250e+02 1.3e+01  1.0  0.40645  0.00495  0.40869
52N-HN      499.2 5.0e-01 5.000e+02 1.3e+01  1.0  0.39696  0.00495  0.39567
52N-HN      499.2 5.0e-01 4.750e+02 1.3e+01  1.0  0.38428  0.00495  0.37162
52N-HN      499.2 5.0e-01 4.500e+02 1.3e+01  1.0  0.32294  0.00495  0.32104
52N-HN      499.2 5.0e-01 4.250e+02 1.3e+01  1.0  0.19951  0.00495  0.20028
52N-HN      499.2 5.0e-01 4.000e+02 1.3e+01  1.0  0.01260  0.00495  0.01055
52N-HN      499.2 5.0e-01 3.750e+02 1.3e+01  1.0  0.00464  0.00495  0.00406
52N-HN      499.2 5.0e-01 3.500e+02 1.3e+01  1.0  0.16283  0.00495  0.17746
52N-HN      499.2 5.0e-01 3.250e+02 1.3e+01  1.0  0.31895  0.00495  0.30917
52N-HN      499.2 5.0e-01 3.000e+02 1.3e+01  1.0  0.36489  0.00495  0.36463
52N-HN      499.2 5.0e-01 2.750e+02 1.3e+01  1.0  0.38999  0.00495  0.39082
52N-HN      499.2 5.0e-01 2.500e+02 1.3e+01  1.0  0.40198  0.00495  0.40484
52N-HN      499.2 5.0e-01 2.250e+02 1.3e+01  1.0  0.41561  0.00495  0.41310
52N-HN      499.2 5.0e-01 2.000e+02 1.3e+01  1.0  0.41089  0.00495  0.41829
52N-HN      499.2 5.0e-01 1.750e+02 1.3e+01  1.0  0.41769  0.00495  0.42168
52N-HN      499.2 5.0e-01 1.500e+02 1.3e+01  1.0  0.42388  0.00495  0.42389
52N-HN      499.2 5.0e-01 1.250e+02 1.3e+01  1.0  0.42285  0.00495  0.42526
52N-HN      499.2 5.0e-01 1.000e+02 1.3e+01  1.0  0.42679  0.00495  0.42588
52N-HN      499.2 5.0e-01 7.500e+01 1.3e+01  1.0  0.42299  0.00495  0.42566
52N-HN      499.2 5.0e-01 5.000e+01 1.3e+01  1.0  0.41570  0.00495  0.42412
52N-HN      499.2 5.0e-01 2.500e+01 1.3e+01  1.0  0.41609  0.00495  0.41970
52N-HN      499.2 5.0e-01 -0.000e+00 1.3e+01  1.0  0.40038  0.00495  0.40653
52N-HN      499.2 5.0e-01 -2.500e+01 1.3e+01  1.0  0.36895  0.00495  0.36109
52N-HN      499.2 5.0e-01 -5.000e+01 1.3e+01  1.0  0.34732  0.00495  0.35227
52N-HN      499.2 5.0e-01 -7.500e+01 1.3e+01  1.0  0.41080  0.00495  0.40882
52N-HN      499.2 5.0e-01 -1.000e+02 1.3e+01  1.0  0.42140  0.00495  0.42467
52N-HN      499.2 5.0e-01 -1.250e+02 1.3e+01  1.0  0.42793  0.00495  0.42989
52N-HN      499.2 5.0e-01 -1.500e+02 1.3e+01  1.0  0.43593  0.00495  0.43216
52N-HN      499.2 5.0e-01 -1.750e+02 1.3e+01  1.0  0.43389  0.00495  0.43336
52N-HN      499.2 5.0e-01 -2.000e+02 1.3e+01  1.0  0.43652  0.00495  0.43408
52N-HN      499.2 5.0e-01 -2.250e+02 1.3e+01  1.0  0.42823  0.00495  0.43456
52N-HN      499.2 5.0e-01 -2.500e+02 1.3e+01  1.0  0.43583  0.00495  0.43490
52N-HN      499.2 5.0e-01 -2.750e+02 1.3e+01  1.0  0.43489  0.00495  0.43515
52N-HN      499.2 5.0e-01 -3.000e+02 1.3e+01  1.0  0.44079  0.00495  0.43535
52N-HN      499.2 5.0e-01 -3.250e+02 1.3e+01  1.0  0.43367  0.00495  0.43551
52N-HN      499.2 5.0e-01 -3.500e+02 1.3e+01  1.0  0.43566  0.00495  0.43564
52N-HN      499.2 5.0e-01 -3.750e+02 1.3e+01  1.0  0.43833  0.00495  0.43575
52N-HN      499.2 5.0e-01 -4.000e+02 1.3e+01  1.0  0.43916  0.00495  0.43584
52N-HN      499.2 5.0e-01 -4.250e+02 1.3e+01  1.0  0.43770  0.00495  0.43592
52N-HN      499.2 5.0e-01 -4.500e+02 1.3e+01  1.0  0.43185  0.00495  0.43599
52N-HN      499.2 5.0e-01 -4.750e+02 1.3e+01  1.0  0.44448  0.00495  0.43605
52N-HN      499.2 5.0e-01 -5.000e+02 1.3e+01  1.0  0.43811  0.00495  0.43611
52N-HN      499.2 5.0e-01 -5.250e+02 1.3e+01  1.0  0.44306  0.00495  0.43616
52N-HN      499.2 5.0e-01 -5.500e+02 1.3e+01  1.0  0.44154  0.00495  0.43621
52N-HN      499.2 5.0e-01 -5.750e+02 1.3e+01  1.0  0.43813  0.00495  0.43625
52N-HN      499.2 5.0e-01 -6.000e+02 1.3e+01  1.0  0.43740  0.00495  0.43628
52N-HN      499.2 5.0e-01 -6.250e+02 1.3e+01  1.0  0.43762  0.00495  0.43632
52N-HN      499.2 5.0e-01 -6.500e+02 1.3e+01  1.0  0.43968  0.00495  0.43635
52N-HN      499.2 5.0e-01 -6.750e+02 1.3e+01  1.0  0.43834  0.00495  0.43638
52N-HN      499.2 5.0e-01 -7.000e+02 1.3e+01  1.0  0.42521  0.00495  0.43640
52N-HN      499.2 5.0e-01 -7.250e+02 1.3e+01  1.0  0.43317  0.00495  0.43643
52N-HN      499.2 5.0e-01 -7.500e+02 1.3e+01  1.0  0.44310  0.00495  0.43645
55N-HN      499.2 5.0e-01 1.000e+04 1.3e+01  1.0  1.00000  0.00522  0.99837
55N-HN      499.2 5.0e-01 7.500e+02 1.3e+01  1.0  0.41839  0.00522  0.42345
55N-HN      499.2 5.0e-01 7.250e+02 1.3e+01  1.0  0.42567  0.00522  0.42344
55N-HN      499.2 5.0e-01 7.000e+02 1.3e+01  1.0  0.42182  0.00522  0.42342
55N-HN      499.2 5.0e-01 6.750e+02 1.3e+01  1.0  0.42690  0.00522  0.42341
55N-HN      499.2 5.0e-01 6.500e+02 1.3e+01  1.0  0.42586  0.00522  0.42339
55N-HN      499.2 5.0e-01 6.250e+02 1.3e+01  1.0  0.42603  0.00522  0.42337
55N-HN      499.2 5.0e-01 6.000e+02 1.3e+01  1.0  0.42363  0.00522  0.42335
55N-HN      499.2 5.0e-01 5.750e+02 1.3e+01  1.0  0.41775  0.00522  0.42332
55N-HN      499.2 5.0e-01 5.500e+02 1.3e+01  1.0  0.42480  0.00522  0.42330
55N-HN      499.2 5.0e-01 5.250e+02 1.3e+01  1.0  0.42279  0.00522  0.42327
55N-HN      499.2 5.0e-01 5.000e+02 1.3e+01  1.0  0.42868  0.00522  0.42324
55N-HN      499.2 5.0e-01 4.750e+02 1.3e+01  1.0  0.42257  0.00522  0.42321
55N-HN      499.2 5.0e-01 4.500e+02 1.3e+01  1.0  0.42747  0.00522  0.42318
55N-HN      499.2 5.0e-01 4.250e+02 1.3e+01  1.0  0.41901  0.00522  0.42314
55N-HN      499.2 5.0e-01 4.000e+02 1.3e+01  1.0  0.42759  0.00522  0.42310
55N-HN      499.2 5.0e-01 3.750e+02 1.3e+01  1.0  0.42738  0.00522  0.42305
55N-HN      499.2 5.0e-01 3.500e+02 1.3e+01  1.0  0.42148  0.00522  0.42300
55N-HN      499.2 5.0e-01 3.250e+02 1.3e+01  1.0  0.42406  0.00522  0.42295
55N-HN      499.2 5.0e-01 3.000e+02 1.3e+01  1.0  0.41984  0.00522  0.42288
55N-HN      499.2 5.0e-01 2.750e+02 1.3e+01  1.0  0.42496  0.00522  0.42281
55N-HN      499.2 5.0e-01 2.500e+02 1.3e+01  1.0  0.41983  0.00522  0.42273
55N-HN      499.2 5.0e-01 2.250e+02 1.3e+01  1.0  0.42246  0.00522  0.42264
55N-HN      499.2 5.0e-01 2.000e+02 1.3e+01  1.0  0.42196  0.00522  0.42254
55N-HN      499.2 5.0e-01 1.750e+02 1.3e+01  1.0  0.42200  0.00522  0.42241
55N-HN      499.2 5.0e-01 1.500e+02 1.3e+01  1.0  0.41655  0.00522  0.42227
55N-HN      499.2 5.0e-01 1.250e+02 1.3e+01  1.0  0.42546  0.00522  0.42209
55N-HN      499.2 5.0e-01 1.000e+02 1.3e+01  1.0  0.41803  0.00522  0.42188
55N-HN      499.2 5.0e-01 7.500e+01 1.3e+01  1.0  0.42453  0.00522  0.42162
55N-HN      499.2 5.0e-01 5.000e+01 1.3e+01  1.0  0.42163  0.00522  0.42128
55N-HN      499.2 5.0e-01 2.500e+01 1.3e+01  1.0  0.42083  0.00522  0.42082
55N-HN      499.2 5.0e-01 -0.000e+00 1.3e+01  1.0  0.41638  0.00522  0.42016
55N-HN      499.2 5.0e-01 -2.500e+01 1.3e+01  1.0  0.41559  0.00522  0.41914
55N-HN      499.2 5.0e-01 -5.000e+01 1.3e+01  1.0  0.42632  0.00522  0.41738
55N-HN      499.2 5.0e-01 -7.500e+01 1.3e+01  1.0  0.41974  0.00522  0.41382
55N-HN      499.2 5.0e-01 -1.000e+02 1.3e+01  1.0  0.40464  0.00522  0.40476
55N-HN      499.2 5.0e-01 -1.250e+02 1.3e+01  1.0  0.36893  0.00522  0.37419
55N-HN      499.2 5.0e-01 -1.500e+02 1.3e+01  1.0  0.31773  0.00522  0.32397
55N-HN      499.2 5.0e-01 -1.750e+02 1.3e+01  1.0  0.37094  0.00522  0.37485
55N-HN      499.2 5.0e-01 -2.000e+02 1.3e+01  1.0  0.39509  0.00522  0.39807
55N-HN      499.2 5.0e-01 -2.250e+02 1.3e+01  1.0  0.39971  0.00522  0.40486
55N-HN      499.2 5.0e-01 -2.500e+02 1.3e+01  1.0  0.40581  0.00522  0.40646
55N-HN      499.2 5.0e-01 -2.750e+02 1.3e+01  1.0  0.40464  0.00522  0.40554
55N-HN      499.2 5.0e-01 -3.000e+02 1.3e+01  1.0  0.40481  0.00522  0.40262
55N-HN      499.2 5.0e-01 -3.250e+02 1.3e+01  1.0  0.40222  0.00522  0.39718
55N-HN      499.2 5.0e-01 -3.500e+02 1.3e+01  1.0  0.38761  0.00522  0.38769
55N-HN      499.2 5.0e-01 -3.750e+02 1.3e+01  1.0  0.37268  0.00522  0.37024
55N-HN      499.2 5.0e-01 -4.000e+02 1.3e+01  1.0  0.32535  0.00522  0.33474
55N-HN      499.2 5.0e-01 -4.250e+02 1.3e+01  1.0  0.24624  0.00522  0.25134
55N-HN      499.2 5.0e-01 -4.500e+02 1.3e+01  1.0  0.05804  0.00522  0.06315
55N-HN      499.2 5.0e-01 -4.750e+02 1.3e+01  1.0  0.00269  0.00522  0.00005
55N-HN      499.2 5.0e-01 -5.000e+02 1.3e+01  1.0  0.12705  0.00522  0.12816
55N-HN      499.2 5.0e-01 -5.250e+02 1.3e+01  1.0  0.29104  0.00522  0.28805
55N-HN      499.2 5.0e-01 -5.500e+02 1.3e+01  1.0  0.35280  0.00522  0.35249
55N-HN      499.2 5.0e-01 -5.750e+02 1.3e+01  1.0  0.38236  0.00522  0.38085
55N-HN      499.2 5.0e-01 -6.000e+02 1.3e+01  1.0  0.39713  0.00522  0.39533
55N-HN      499.2 5.0e-01 -6.250e+02 1.3e+01  1.0  0.40478  0.00522  0.40364
55N-HN      499.2 5.0e-01 -6.500e+02 1.3e+01  1.0  0.41277  0.00522  0.40879
55N-HN      499.2 5.0e-01 -6.750e+02 1.3e+01  1.0  0.41588  0.00522  0.41221
55N-HN      499.2 5.0e-01 -7.000e+02 1.3e+01  1.0  0.41618  0.00522  0.41458
55N-HN      499.2 5.0e-01 -7.250e+02 1.3e+01  1.0  0.41335  0.00522  0.41630
55N-HN      499.2 5.0e-01 -7.500e+02 1.3e+01  1.0  0.41337  0.00522  0.41758
59N-HN      499.2 5.0e-01 1.000e+04 1.3e+01  1.0  1.00000  0.00373  0.99880
59N-HN      499.2 5.0e-01 7.500e+02 1.3e+01  1.0  0.42155  0.00373  0.43000
59N-HN      499.2 5.0e-01 7.250e+02 1.3e+01  1.0  0.42921  0.00373  0.42988
59N-HN      499.2 5.0e-01 7.000e+02 1.3e+01  1.0  0.43035  0.00373  0.42974
59N-HN      499.2 5.0e-01 6.750e+02 1.3e+01  1.0  0.43085  0.00373  0.42959
59N-HN      499.2 5.0e-01 6.500e+02 1.3e+01  1.0  0.42974  0.00373  0.42942
59N-HN      499.2 5.0e-01 6.250e+02 1.3e+01  1.0  0.42724  0.00373  0.42922
59N-HN      499.2 5.0e-01 6.000e+02 1.3e+01  1.0  0.42773  0.00373  0.42898
59N-HN      499.2 5.0e-01 5.750e+02 1.3e+01  1.0  0.42823  0.00373  0.42871
59N-HN      499.2 5.0e-01 5.500e+02 1.3e+01  1.0  0.42548  0.00373  0.42838
59N-HN      499.2 5.0e-01 5.250e+02 1.3e+01  1.0  0.42817  0.00373  0.42799
59N-HN      499.2 5.0e-01 5.000e+02 1.3e+01  1.0  0.42243  0.00373  0.42752
59N-HN      499.2 5.0e-01 4.750e+02 1.3e+01  1.0  0.41819  0.00373  0.42694
59N-HN      499.2 5.0e-01 4.500e+02 1.3e+01  1.0  0.41844  0.00373  0.42622
59N-HN      499.2 5.0e-01 4.250e+02 1.3e+01  1.0  0.42502  0.00373  0.42531
59N-HN      499.2 5.0e-01 4.000e+02 1.3e+01  1.0  0.42361  0.00373  0.42414
59N-HN      499.2 5.0e-01 3.750e+02 1.3e+01  1.0  0.42467  0.00373  0.42260
59N-HN      499.2 5.0e-01 3.500e+02 1.3e+01  1.0  0.42237  0.00373  0.42049
59N-HN      499.2 5.0e-01 3.250e+02 1.3e+01  1.0  0.41325  0.00373  0.41755
59N-HN      499.2 5.0e-01 3.000e+02 1.3e+01  1.0  0.40847  0.00373  0.41323
59N-HN      499.2 5.0e-01 2.750e+02 1.3e+01  1.0  0.40565  0.00373  0.40658
59N-HN      499.2 5.0e-01 2.500e+02 1.3e+01  1.0  0.40434  0.00373  0.39554
59N-HN      499.2 5.0e-01 2.250e+02 1.3e+01  1.0  0.37998  0.00373  0.37553
59N-HN      499.2 5.0e-01 2.000e+02 1.3e+01  1.0  0.34047  0.00373  0.33430
59N-HN      499.2 5.0e-01 1.750e+02 1.3e+01  1.0  0.24272  0.00373  0.23605
59N-HN      499.2 5.0e-01 1.500e+02 1.3e+01  1.0  0.02802  0.00373  0.03682
59N-HN      499.2 5.0e-01 1.250e+02 1.3e+01  1.0 -0.00640  0.00373  0.00054
59N-HN      499.2 5.0e-01 1.000e+02 1.3e+01  1.0  0.13877  0.00373  0.14495
59N-HN      499.2 5.0e-01 7.500e+01 1.3e+01  1.0  0.29968  0.00373  0.29345
59N-HN      499.2 5.0e-01 5.000e+01 1.3e+01  1.0  0.35747  0.00373  0.35496
59N-HN      499.2 5.0e-01 2.500e+01 1.3e+01  1.0  0.38750  0.00373  0.38295
59N-HN      499.2 5.0e-01 -0.000e+00 1.3e+01  1.0  0.39506  0.00373  0.39741
59N-HN      499.2 5.0e-01 -2.500e+01 1.3e+01  1.0  0.40469  0.00373  0.40548
59N-HN      499.2 5.0e-01 -5.000e+01 1.3e+01  1.0  0.41058  0.00373  0.41004
59N-HN      499.2 5.0e-01 -7.500e+01 1.3e+01  1.0  0.40571  0.00373  0.41216
59N-HN      499.2 5.0e-01 -1.000e+02 1.3e+01  1.0  0.41339  0.00373  0.41189
59N-HN      499.2 5.0e-01 -1.250e+02 1.3e+01  1.0  0.40674  0.00373  0.40766
59N-HN      499.2 5.0e-01 -1.500e+02 1.3e+01  1.0  0.39352  0.00373  0.39281
59N-HN      499.2 5.0e-01 -1.750e+02 1.3e+01  1.0  0.35249  0.00373  0.34653
59N-HN      499.2 5.0e-01 -2.000e+02 1.3e+01  1.0  0.35073  0.00373  0.35621
59N-HN      499.2 5.0e-01 -2.250e+02 1.3e+01  1.0  0.40009  0.00373  0.40389
59N-HN      499.2 5.0e-01 -2.500e+02 1.3e+01  1.0  0.41842  0.00373  0.41825
59N-HN      499.2 5.0e-01 -2.750e+02 1.3e+01  1.0  0.42908  0.00373  0.42337
59N-HN      499.2 5.0e-01 -3.000e+02 1.3e+01  1.0  0.42840  0.00373  0.42574
59N-HN      499.2 5.0e-01 -3.250e+02 1.3e+01  1.0  0.42750  0.00373  0.42706
59N-HN      499.2 5.0e-01 -3.500e+02 1.3e+01  1.0  0.42921  0.00373  0.42788
59N-HN      499.2 5.0e-01 -3.750e+02 1.3e+01  1.0  0.43577  0.00373  0.42844
59N-HN      499.2 5.0e-01 -4.000e+02 1.3e+01  1.0  0.42683  0.00373  0.42886
59N-HN      499.2 5.0e-01 -4.250e+02 1.3e+01  1.0  0.42228  0.00373  0.42917
59N-HN      499.2 5.0e-01 -4.500e+02 1.3e+01  1.0  0.42747  0.00373  0.42942
59N-HN      499.2 5.0e-01 -4.750e+02 1.3e+01  1.0  0.43264  0.00373  0.42962
59N-HN      499.2 5.0e-01 -5.000e+02 1.3e+01  1.0  0.42870  0.00373  0.42979
59N-HN      499.2 5.0e-01 -5.250e+02 1.3e+01  1.0  0.42972  0.00373  0.42993
59N-HN      499.2 5.0e-01 -5.500e+02 1.3e+01  1.0  0.43849  0.00373  0.43006
59N-HN      499.2 5.0e-01 -5.750e+02 1.3e+01  1.0  0.42943  0.00373  0.43016
59N-HN      499.2 5.0e-01 -6.000e+02 1.3e+01  1.0  0.43753  0.00373  0.43025
59N-HN      499.2 5.0e-01 -6.250e+02 1.3e+01  1.0  0.43804  0.00373  0.43034
59N-HN      499.2 5.0e-01 -6.500e+02 1.3e+01  1.0  0.42562  0.00373  0.43041
59N-HN      499.2 5.0e-01 -6.750e+02 1.3e+01  1.0  0.42549  0.00373  0.43047
59N-HN      499.2 5.0e-01 -7.000e+02 1.3e+01  1.0  0.43035  0.00373  0.43053
59N-HN      499.2 5.0e-01 -7.250e+02 1.3e+01  1.0  0.42989  0.00373  0.43058
59N-HN      499.2 5.0e-01 -7.500e+02 1.3e+01  1.0  0.43154  0.00373  0.43063
66N-HN      499.2 5.0e-01 1.000e+04 1.3e+01  1.0  1.00000  0.00389  1.00134
66N-HN      499.2 5.0e-01 7.500e+02 1.3e+01  1.0  0.42243  0.00389  0.42532
66N-HN      499.2 5.0e-01 7.250e+02 1.3e+01  1.0  0.42420  0.00389  0.42527
66N-HN      499.2 5.0e-01 7.000e+02 1.3e+01  1.0  0.42497  0.00389  0.42520
66N-HN      499.2 5.0e-01 6.750e+02 1.3e+01  1.0  0.42638  0.00389  0.42513
66N-HN      499.2 5.0e-01 6.500e+02 1.3e+01  1.0  0.42836  0.00389  0.42506
66N-HN      499.2 5.0e-01 6.250e+02 1.3e+01  1.0  0.42310  0.00389  0.42497
66N-HN      499.2 5.0e-01 6.000e+02 1.3e+01  1.0  0.42262  0.00389  0.42487
66N-HN      499.2 5.0e-01 5.750e+02 1.3e+01  1.0  0.42341  0.00389  0.42476
66N-HN      499.2 5.0e-01 5.500e+02 1.3e+01  1.0  0.42249  0.00389  0.42463
66N-HN      499.2 5.0e-01 5.250e+02 1.3e+01  1.0  0.41933  0.00389  0.42449
66N-HN      499.2 5.0e-01 5.000e+02 1.3e+01  1.0  0.42377  0.00389  0.42433
66N-HN      499.2 5.0e-01 4.750e+02 1.3e+01  1.0  0.41970  0.00389  0.42414
66N-HN      499.2 5.0e-01 4.500e+02 1.3e+01  1.0  0.42653  0.00389  0.42392
66N-HN      499.2 5.0e-01 4.250e+02 1.3e+01  1.0  0.42850  0.00389  0.42366
66N-HN      499.2 5.0e-01 4.000e+02 1.3e+01  1.0  0.42197  0.00389  0.42336
66N-HN      499.2 5.0e-01 3.750e+02 1.3e+01  1.0  0.42098  0.00389  0.42300
66N-HN      499.2 5.0e-01 3.500e+02 1.3e+01  1.0  0.42083  0.00389  0.42256
66N-HN      499.2 5.0e-01 3.250e+02 1.3e+01  1.0  0.42335  0.00389  0.42202
66N-HN      499.2 5.0e-01 3.000e+02 1.3e+01  1.0  0.42391  0.00389  0.42136
66N-HN      499.2 5.0e-01 2.750e+02 1.3e+01  1.0  0.42345  0.00389  0.42053
66N-HN      499.2 5.0e-01 2.500e+02 1.3e+01  1.0  0.42092  0.00389  0.41945
66N-HN      499.2 5.0e-01 2.250e+02 1.3e+01  1.0  0.42122  0.00389  0.41804
66N-HN      499.2 5.0e-01 2.000e+02 1.3e+01  1.0  0.41328  0.00389  0.41614
66N-HN      499.2 5.0e-01 1.750e+02 1.3e+01  1.0  0.40881  0.00389  0.41348
66N-HN      499.2 5.0e-01 1.500e+02 1.3e+01  1.0  0.40867  0.00389  0.40962
66N-HN      499.2 5.0e-01 1.250e+02 1.3e+01  1.0  0.40069  0.00389  0.40372
66N-HN      499.2 5.0e-01 1.000e+02 1.3e+01  1.0  0.39439  0.00389  0.39405
66N-HN      499.2 5.0e-01 7.500e+01 1.3e+01  1.0  0.37436  0.00389  0.37678
66N-HN      499.2 5.0e-01 5.000e+01 1.3e+01  1.0  0.33555  0.00389  0.34185
66N-HN      499.2 5.0e-01 2.500e+01 1.3e+01  1.0  0.26007  0.00389  0.25966
66N-HN      499.2 5.0e-01 -0.000e+00 1.3e+01  1.0  0.06858  0.00389  0.07067
66N-HN      499.2 5.0e-01 -2.500e+01 1.3e+01  1.0 -0.00822  0.00389 -0.00010
66N-HN      499.2 5.0e-01 -5.000e+01 1.3e+01  1.0  0.12012  0.00389  0.11249
66N-HN      499.2 5.0e-01 -7.500e+01 1.3e+01  1.0  0.27554  0.00389  0.27521
66N-HN      499.2 5.0e-01 -1.000e+02 1.3e+01  1.0  0.34574  0.00389  0.34241
66N-HN      499.2 5.0e-01 -1.250e+02 1.3e+01  1.0  0.37077  0.00389  0.37109
66N-HN      499.2 5.0e-01 -1.500e+02 1.3e+01  1.0  0.37843  0.00389  0.38347
66N-HN      499.2 5.0e-01 -1.750e+02 1.3e+01  1.0  0.38272  0.00389  0.38535
66N-HN      499.2 5.0e-01 -2.000e+02 1.3e+01  1.0  0.37569  0.00389  0.37236
66N-HN      499.2 5.0e-01 -2.250e+02 1.3e+01  1.0  0.33629  0.00389  0.33131
66N-HN      499.2 5.0e-01 -2.500e+02 1.3e+01  1.0  0.35569  0.00389  0.35706
66N-HN      499.2 5.0e-01 -2.750e+02 1.3e+01  1.0  0.40078  0.00389  0.39777
66N-HN      499.2 5.0e-01 -3.000e+02 1.3e+01  1.0  0.41127  0.00389  0.41100
66N-HN      499.2 5.0e-01 -3.250e+02 1.3e+01  1.0  0.41752  0.00389  0.41623
66N-HN      499.2 5.0e-01 -3.500e+02 1.3e+01  1.0  0.42173  0.00389  0.41888
66N-HN      499.2 5.0e-01 -3.750e+02 1.3e+01  1.0  0.42455  0.00389  0.42045
66N-HN      499.2 5.0e-01 -4.000e+02 1.3e+01  1.0  0.42142  0.00389  0.42149
66N-HN      499.2 5.0e-01 -4.250e+02 1.3e+01  1.0  0.42693  0.00389  0.42224
66N-HN      499.2 5.0e-01 -4.500e+02 1.3e+01  1.0  0.41799  0.00389  0.42280
66N-HN      499.2 5.0e-01 -4.750e+02 1.3e+01  1.0  0.42324  0.00389  0.42324
66N-HN      499.2 5.0e-01 -5.000e+02 1.3e+01  1.0  0.42455  0.00389  0.42359
66N-HN      499.2 5.0e-01 -5.250e+02 1.3e+01  1.0  0.42286  0.00389  0.42387
66N-HN      499.2 5.0e-01 -5.500e+02 1.3e+01  1.0  0.42543  0.00389  0.42411
66N-HN      499.2 5.0e-01 -5.750e+02 1.3e+01  1.0  0.42111  0.00389  0.42432
66N-HN      499.2 5.0e-01 -6.000e+02 1.3e+01  1.0  0.42398  0.00389  0.42449
66N-HN      499.2 5.0e-01 -6.250e+02 1.3e+01  1.0  0.42222  0.00389  0.42464
66N-HN      499.2 5.0e-01 -6.500e+02 1.3e+01  1.0  0.43416  0.00389  0.42477
66N-HN      499.2 5.0e-01 -6.750e+02 1.3e+01  1.0  0.42760  0.00389  0.42488
66N-HN      499.2 5.0e-01 -7.000e+02 1.3e+01  1.0  0.43168  0.00389  0.42498
66N-HN      499.2 5.0e-01 -7.250e+02 1.3e+01  1.0  0.42497  0.00389  0.42507
66N-HN      499.2 5.0e-01 -7.500e+02 1.3e+01  1.0  0.42202  0.00389  0.42514
67N-HN      499.2 5.0e-01 1.000e+04 1.3e+01  1.0  1.00000  0.00277  1.00033
67N-HN      499.2 5.0e-01 7.500e+02 1.3e+01  1.0  0.44010  0.00277  0.44318
67N-HN      499.2 5.0e-01 7.250e+02 1.3e+01  1.0  0.44006  0.00277  0.44298
67N-HN      499.2 5.0e-01 7.000e+02 1.3e+01  1.0  0.44965  0.00277  0.44275
67N-HN      499.2 5.0e-01 6.750e+02 1.3e+01  1.0  0.43886  0.00277  0.44248
67N-HN      499.2 5.0e-01 6.500e+02 1.3e+01  1.0  0.44380  0.00277  0.44215
67N-HN      499.2 5.0e-01 6.250e+02 1.3e+01  1.0  0.44202  0.00277  0.44177
67N-HN      499.2 5.0e-01 6.000e+02 1.3e+01  1.0  0.44143  0.00277  0.44131
67N-HN      499.2 5.0e-01 5.750e+02 1.3e+01  1.0  0.43915  0.00277  0.44074
67N-HN      499.2 5.0e-01 5.500e+02 1.3e+01  1.0  0.44157  0.00277  0.44003
67N-HN      499.2 5.0e-01 5.250e+02 1.3e+01  1.0  0.44177  0.00277  0.43915
67N-HN      499.2 5.0e-01 5.000e+02 1.3e+01  1.0  0.44181  0.00277  0.43800
67N-HN      499.2 5.0e-01 4.750e+02 1.3e+01  1.0  0.43616  0.00277  0.43649
67N-HN      499.2 5.0e-01 4.500e+02 1.3e+01  1.0  0.43618  0.00277  0.43444
67N-HN      499.2 5.0e-01 4.250e+02 1.3e+01  1.0  0.43284  0.00277  0.43159
67N-HN      499.2 5.0e-01 4.000e+02 1.3e+01  1.0  0.42880  0.00277  0.42741
67N-HN      499.2 5.0e-01 3.750e+02 1.3e+01  1.0  0.42379  0.00277  0.42102
67N-HN      499.2 5.0e-01 3.500e+02 1.3e+01  1.0  0.41063  0.00277  0.41047
67N-HN      499.2 5.0e-01 3.250e+02 1.3e+01  1.0  0.39763  0.00277  0.39148
67N-HN      499.2 5.0e-01 3.000e+02 1.3e+01  1.0  0.35838  0.00277  0.35277
67N-HN      499.2 5.0e-01 2.750e+02 1.3e+01  1.0  0.26239  0.00277  0.26086
67N-HN      499.2 5.0e-01 2.500e+02 1.3e+01  1.0  0.05694  0.00277  0.05777
67N-HN      499.2 5.0e-01 2.250e+02 1.3e+01  1.0  0.00389  0.00277  0.00029
67N-HN      499.2 5.0e-01 2.000e+02 1.3e+01  1.0  0.13459  0.00277  0.13714
67N-HN      499.2 5.0e-01 1.750e+02 1.3e+01  1.0  0.30395  0.00277  0.29964
67N-HN      499.2 5.0e-01 1.500e+02 1.3e+01  1.0  0.36589  0.00277  0.36631
67N-HN      499.2 5.0e-01 1.250e+02 1.3e+01  1.0  0.39513  0.00277  0.39619
67N-HN      499.2 5.0e-01 1.000e+02 1.3e+01  1.0  0.41281  0.00277  0.41161
67N-HN      499.2 5.0e-01 7.500e+01 1.3e+01  1.0  0.41988  0.00277  0.42039
67N-HN      499.2 5.0e-01 5.000e+01 1.3e+01  1.0  0.42647  0.00277  0.42577
67N-HN      499.2 5.0e-01 2.500e+01 1.3e+01  1.0  0.42969  0.00277  0.42913
67N-HN      499.2 5.0e-01 -0.000e+00 1.3e+01  1.0  0.42836  0.00277  0.43119
67N-HN      499.2 5.0e-01 -2.500e+01 1.3e+01  1.0  0.42765  0.00277  0.43224
67N-HN      499.2 5.0e-01 -5.000e+01 1.3e+01  1.0  0.43127  0.00277  0.43230
67N-HN      499.2 5.0e-01 -7.500e+01 1.3e+01  1.0  0.42927  0.00277  0.43106
67N-HN      499.2 5.0e-01 -1.000e+02 1.3e+01  1.0  0.42812  0.00277  0.42744
67N-HN      499.2 5.0e-01 -1.250e+02 1.3e+01  1.0  0.41729  0.00277  0.41815
67N-HN      499.2 5.0e-01 -1.500e+02 1.3e+01  1.0  0.39175  0.00277  0.39277
67N-HN      499.2 5.0e-01 -1.750e+02 1.3e+01  1.0  0.35463  0.00277  0.35289
67N-HN      499.2 5.0e-01 -2.000e+02 1.3e+01  1.0  0.38801  0.00277  0.39044
67N-HN      499.2 5.0e-01 -2.250e+02 1.3e+01  1.0  0.42085  0.00277  0.42161
67N-HN      499.2 5.0e-01 -2.500e+02 1.3e+01  1.0  0.43528  0.00277  0.43276
67N-HN      499.2 5.0e-01 -2.750e+02 1.3e+01  1.0  0.43999  0.00277  0.43739
67N-HN      499.2 5.0e-01 -3.000e+02 1.3e+01  1.0  0.43888  0.00277  0.43970
67N-HN      499.2 5.0e-01 -3.250e+02 1.3e+01  1.0  0.43888  0.00277  0.44102
67N-HN      499.2 5.0e-01 -3.500e+02 1.3e+01  1.0  0.43904  0.00277  0.44185
67N-HN      499.2 5.0e-01 -3.750e+02 1.3e+01  1.0  0.44460  0.00277  0.44242
67N-HN      499.2 5.0e-01 -4.000e+02 1.3e+01  1.0  0.43918  0.00277  0.44282
67N-HN      499.2 5.0e-01 -4.250e+02 1.3e+01  1.0  0.44020  0.00277  0.44313
67N-HN      499.2 5.0e-01 -4.500e+02 1.3e+01  1.0  0.44234  0.00277  0.44336
67N-HN      499.2 5.0e-01 -4.750e+02 1.3e+01  1.0  0.44018  0.00277  0.44355
67N-HN      499.2 5.0e-01 -5.000e+02 1.3e+01  1.0  0.44216  0.00277  0.44371
67N-HN      499.2 5.0e-01 -5.250e+02 1.3e+01  1.0  0.44316  0.00277  0.44384
67N-HN      499.2 5.0e-01 -5.500e+02 1.3e+01  1.0  0.44357  0.00277  0.44395
67N-HN      499.2 5.0e-01 -5.750e+02 1.3e+01  1.0  0.44635  0.00277  0.44405
67N-HN      499.2 5.0e-01 -6.000e+02 1.3e+01  1.0  0.44315  0.00277  0.44413
67N-HN      499.2 5.0e-01 -6.250e+02 1.3e+01  1.0  0.44420  0.00277  0.44420
67N-HN      499.2 5.0e-01 -6.500e+02 1.3e+01  1.0  0.44182  0.00277  0.44426
67N-HN      499.2 5.0e-01 -6.750e+02 1.3e+01  1.0  0.44282  0.00277  0.44432
67N-HN      499.2 5.0e-01 -7.000e+02 1.3e+01  1.0  0.44176  0.00277  0.44437
67N-HN      499.2 5.0e-01 -7.250e+02 1.3e+01  1.0  0.44659  0.00277  0.44442
67N-HN      499.2 5.0e-01 -7.500e+02 1.3e+01  1.0  0.44720  0.00277  0.44446
68N-HN      499.2 5.0e-01 1.000e+04 1.3e+01  1.0  1.00000  0.00238  0.99865
68N-HN      499.2 5.0e-01 7.500e+02 1.3e+01  1.0  0.42026  0.00238  0.42205
68N-HN      499.2 5.0e-01 7.250e+02 1.3e+01  1.0  0.42086  0.00238  0.42201
68N-HN      499.2 5.0e-01 7.000e+02 1.3e+01  1.0  0.42398  0.00238  0.42197
68N-HN      499.2 5.0e-01 6.750e+02 1.3e+01  1.0  0.42199  0.00238  0.42192
68N-HN      499.2 5.0e-01 6.500e+02 1.3e+01  1.0  0.42194  0.00238  0.42187
68N-HN      499.2 5.0e-01 6.250e+02 1.3e+01  1.0  0.42320  0.00238  0.42181
68N-HN      499.2 5.0e-01 6.000e+02 1.3e+01  1.0  0.41884  0.00238  0.42174
68N-HN      499.2 5.0e-01 5.750e+02 1.3e+01  1.0  0.42046  0.00238  0.42167
68N-HN      499.2 5.0e-01 5.500e+02 1.3e+01  1.0  0.42287  0.00238  0.42159
68N-HN      499.2 5.0e-01 5.250e+02 1.3e+01  1.0  0.42226  0.00238  0.42150
68N-HN      499.2 5.0e-01 5.000e+02 1.3e+01  1.0  0.42201  0.00238  0.42140
68N-HN      499.2 5.0e-01 4.750e+02 1.3e+01  1.0  0.42225  0.00238  0.42128
68N-HN      499.2 5.0e-01 4.500e+02 1.3e+01  1.0  0.41871  0.00238  0.42115
68N-HN      499.2 5.0e-01 4.250e+02 1.3e+01  1.0  0.42096  0.00238  0.42099
68N-HN      499.2 5.0e-01 4.000e+02 1.3e+01  1.0  0.42194  0.00238  0.42081
68N-HN      499.2 5.0e-01 3.750e+02 1.3e+01  1.0  0.42098  0.00238  0.42061
68N-HN      499.2 5.0e-01 3.500e+02 1.3e+01  1.0  0.41958  0.00238  0.42036
68N-HN      499.2 5.0e-01 3.250e+02 1.3e+01  1.0  0.42087  0.00238  0.42007
68N-HN      499.2 5.0e-01 3.000e+02 1.3e+01  1.0  0.41932  0.00238  0.41972
68N-HN      499.2 5.0e-01 2.750e+02 1.3e+01  1.0  0.41802  0.00238  0.41929
68N-HN      499.2 5.0e-01 2.500e+02 1.3e+01  1.0  0.42018  0.00238  0.41876
68N-HN      499.2 5.0e-01 2.250e+02 1.3e+01  1.0  0.41851  0.00238  0.41810
68N-HN      499.2 5.0e-01 2.000e+02 1.3e+01  1.0  0.41782  0.00238  0.41726
68N-HN      499.2 5.0e-01 1.750e+02 1.3e+01  1.0  0.41328  0.00238  0.41616
68N-HN      499.2 5.0e-01 1.500e+02 1.3e+01  1.0  0.41520  0.00238  0.41470
68N-HN      499.2 5.0e-01 1.250e+02 1.3e+01  1.0  0.41297  0.00238  0.41266
68N-HN      499.2 5.0e-01 1.000e+02 1.3e+01  1.0  0.41223  0.00238  0.40977
68N-HN      499.2 5.0e-01 7.500e+01 1.3e+01  1.0  0.40631  0.00238  0.40539
68N-HN      499.2 5.0e-01 5.000e+01 1.3e+01  1.0  0.39633  0.00238  0.39846
68N-HN      499.2 5.0e-01 2.500e+01 1.3e+01  1.0  0.38667  0.00238  0.38634
68N-HN      499.2 5.0e-01 -0.000e+00 1.3e+01  1.0  0.36695  0.00238  0.36291
68N-HN      499.2 5.0e-01 -2.500e+01 1.3e+01  1.0  0.30967  0.00238  0.30989
68N-HN      499.2 5.0e-01 -5.000e+01 1.3e+01  1.0  0.17230  0.00238  0.17078
68N-HN      499.2 5.0e-01 -7.500e+01 1.3e+01  1.0 -0.00165  0.00238  0.00127
68N-HN      499.2 5.0e-01 -1.000e+02 1.3e+01  1.0  0.04857  0.00238  0.05073
68N-HN      499.2 5.0e-01 -1.250e+02 1.3e+01  1.0  0.24897  0.00238  0.24718
68N-HN      499.2 5.0e-01 -1.500e+02 1.3e+01  1.0  0.33604  0.00238  0.33312
68N-HN      499.2 5.0e-01 -1.750e+02 1.3e+01  1.0  0.36873  0.00238  0.36760
68N-HN      499.2 5.0e-01 -2.000e+02 1.3e+01  1.0  0.37379  0.00238  0.38293
68N-HN      499.2 5.0e-01 -2.250e+02 1.3e+01  1.0  0.38636  0.00238  0.38874
68N-HN      499.2 5.0e-01 -2.500e+02 1.3e+01  1.0  0.38462  0.00238  0.38598
68N-HN      499.2 5.0e-01 -2.750e+02 1.3e+01  1.0  0.36794  0.00238  0.36613
68N-HN      499.2 5.0e-01 -3.000e+02 1.3e+01  1.0  0.32202  0.00238  0.32314
68N-HN      499.2 5.0e-01 -3.250e+02 1.3e+01  1.0  0.36660  0.00238  0.36925
68N-HN      499.2 5.0e-01 -3.500e+02 1.3e+01  1.0  0.39992  0.00238  0.40070
68N-HN      499.2 5.0e-01 -3.750e+02 1.3e+01  1.0  0.40903  0.00238  0.41062
68N-HN      499.2 5.0e-01 -4.000e+02 1.3e+01  1.0  0.41688  0.00238  0.41468
68N-HN      499.2 5.0e-01 -4.250e+02 1.3e+01  1.0  0.42238  0.00238  0.41678
68N-HN      499.2 5.0e-01 -4.500e+02 1.3e+01  1.0  0.41833  0.00238  0.41803
68N-HN      499.2 5.0e-01 -4.750e+02 1.3e+01  1.0  0.42028  0.00238  0.41888
68N-HN      499.2 5.0e-01 -5.000e+02 1.3e+01  1.0  0.41989  0.00238  0.41948
68N-HN      499.2 5.0e-01 -5.250e+02 1.3e+01  1.0  0.41984  0.00238  0.41993
68N-HN      499.2 5.0e-01 -5.500e+02 1.3e+01  1.0  0.42139  0.00238  0.42028
68N-HN      499.2 5.0e-01 -5.750e+02 1.3e+01  1.0  0.42312  0.00238  0.42057
68N-HN      499.2 5.0e-01 -6.000e+02 1.3e+01  1.0  0.42110  0.00238  0.42080
68N-HN      499.2 5.0e-01 -6.250e+02 1.3e+01  1.0  0.41923  0.00238  0.42099
68N-HN      499.2 5.0e-01 -6.500e+02 1.3e+01  1.0  0.42430  0.00238  0.42115
68N-HN      499.2 5.0e-01 -6.750e+02 1.3e+01  1.0  0.42037  0.00238  0.42129
68N-HN      499.2 5.0e-01 -7.000e+02 1.3e+01  1.0  0.42133  0.00238  0.42141
68N-HN      499.2 5.0e-01 -7.250e+02 1.3e+01  1.0  0.41863  0.00238  0.42152
68N-HN      499.2 5.0e-01 -7.500e+02 1.3e+01  1.0  0.41548  0.00238  0.42161
