13N-HN      499.2 5.0e-01 1.000e+04 2.6e+01  1.0  1.00000  0.00275  1.00215
13N-HN      499.2 5.0e-01 7.500e+02 2.6e+01  1.0  0.42804  0.00275  0.42764
13N-HN      499.2 5.0e-01 7.250e+02 2.6e+01  1.0  0.41139  0.00275  0.41176
13N-HN      499.2 5.0e-01 7.000e+02 2.6e+01  1.0  0.38730  0.00275  0.38898
13N-HN      499.2 5.0e-01 6.750e+02 2.6e+01  1.0  0.35434  0.00275  0.35508
13N-HN      499.2 5.0e-01 6.500e+02 2.6e+01  1.0  0.30750  0.00275  0.30289
13N-HN      499.2 5.0e-01 6.250e+02 2.6e+01  1.0  0.22108  0.00275  0.22184
13N-HN      499.2 5.0e-01 6.000e+02 2.6e+01  1.0  0.10780  0.00275  0.10773
13N-HN      499.2 5.0e-01 5.750e+02 2.6e+01  1.0  0.00937  0.00275  0.01296
13N-HN      499.2 5.0e-01 5.500e+02 2.6e+01  1.0  0.00088  0.00275  0.00004
13N-HN      499.2 5.0e-01 5.250e+02 2.6e+01  1.0  0.00344  0.00275  0.00240
13N-HN      499.2 5.0e-01 5.000e+02 2.6e+01  1.0  0.05745  0.00275  0.06029
13N-HN      499.2 5.0e-01 4.750e+02 2.6e+01  1.0  0.16398  0.00275  0.16787
13N-HN      499.2 5.0e-01 4.500e+02 2.6e+01  1.0  0.24824  0.00275  0.25083
13N-HN      499.2 5.0e-01 4.250e+02 2.6e+01  1.0  0.29490  0.00275  0.29961
13N-HN      499.2 5.0e-01 4.000e+02 2.6e+01  1.0  0.31952  0.00275  0.32116
13N-HN      499.2 5.0e-01 3.750e+02 2.6e+01  1.0  0.32561  0.00275  0.32033
13N-HN      499.2 5.0e-01 3.500e+02 2.6e+01  1.0  0.31437  0.00275  0.30722
13N-HN      499.2 5.0e-01 3.250e+02 2.6e+01  1.0  0.31876  0.00275  0.31424
13N-HN      499.2 5.0e-01 3.000e+02 2.6e+01  1.0  0.35670  0.00275  0.35458
13N-HN      499.2 5.0e-01 2.750e+02 2.6e+01  1.0  0.39875  0.00275  0.39500
13N-HN      499.2 5.0e-01 2.500e+02 2.6e+01  1.0  0.42471  0.00275  0.42180
13N-HN      499.2 5.0e-01 2.250e+02 2.6e+01  1.0  0.44515  0.00275  0.43846
13N-HN      499.2 5.0e-01 2.000e+02 2.6e+01  1.0  0.44619  0.00275  0.44920
13N-HN      499.2 5.0e-01 1.750e+02 2.6e+01  1.0  0.45719  0.00275  0.45651
13N-HN      499.2 5.0e-01 1.500e+02 2.6e+01  1.0  0.45870  0.00275  0.46174
13N-HN      499.2 5.0e-01 1.250e+02 2.6e+01  1.0  0.46687  0.00275  0.46564
13N-HN      499.2 5.0e-01 1.000e+02 2.6e+01  1.0  0.47339  0.00275  0.46864
13N-HN      499.2 5.0e-01 7.500e+01 2.6e+01  1.0  0.47608  0.00275  0.47102
13N-HN      499.2 5.0e-01 5.000e+01 2.6e+01  1.0  0.47204  0.00275  0.47295
13N-HN      499.2 5.0e-01 2.500e+01 2.6e+01  1.0  0.47427  0.00275  0.47453
13N-HN      499.2 5.0e-01 -0.000e+00 2.6e+01  1.0  0.48040  0.00275  0.47585
13N-HN      499.2 5.0e-01 -2.500e+01 2.6e+01  1.0  0.48100  0.00275  0.47697
13N-HN      499.2 5.0e-01 -5.000e+01 2.6e+01  1.0  0.47861  0.00275  0.47793
13N-HN      499.2 5.0e-01 -7.500e+01 2.6e+01  1.0  0.47626  0.00275  0.47875
13N-HN      499.2 5.0e-01 -1.000e+02 2.6e+01  1.0  0.47353  0.00275  0.47947
13N-HN      499.2 5.0e-01 -1.250e+02 2.6e+01  1.0  0.48224  0.00275  0.48010
13N-HN      499.2 5.0e-01 -1.500e+02 2.6e+01  1.0  0.48370  0.00275  0.48065
13N-HN      499.2 5.0e-01 -1.750e+02 2.6e+01  1.0  0.48320  0.00275  0.48114
13N-HN      499.2 5.0e-01 -2.000e+02 2.6e+01  1.0  0.48183  0.00275  0.48158
13N-HN      499.2 5.0e-01 -2.250e+02 2.6e+01  1.0  0.47878  0.00275  0.48197
13N-HN      499.2 5.0e-01 -2.500e+02 2.6e+01  1.0  0.48083  0.00275  0.48232
13N-HN      499.2 5.0e-01 -2.750e+02 2.6e+01  1.0  0.48151  0.00275  0.48264
13N-HN      499.2 5.0e-01 -3.000e+02 2.6e+01  1.0  0.48515  0.00275  0.48293
13N-HN      499.2 5.0e-01 -3.250e+02 2.6e+01  1.0  0.48145  0.00275  0.48319
13N-HN      499.2 5.0e-01 -3.500e+02 2.6e+01  1.0  0.48213  0.00275  0.48343
13N-HN      499.2 5.0e-01 -3.750e+02 2.6e+01  1.0  0.48251  0.00275  0.48365
13N-HN      499.2 5.0e-01 -4.000e+02 2.6e+01  1.0  0.47907  0.00275  0.48385
13N-HN      499.2 5.0e-01 -4.250e+02 2.6e+01  1.0  0.48343  0.00275  0.48403
13N-HN      499.2 5.0e-01 -4.500e+02 2.6e+01  1.0  0.48540  0.00275  0.48420
13N-HN      499.2 5.0e-01 -4.750e+02 2.6e+01  1.0  0.48247  0.00275  0.48436
13N-HN      499.2 5.0e-01 -5.000e+02 2.6e+01  1.0  0.47795  0.00275  0.48450
13N-HN      499.2 5.0e-01 -5.250e+02 2.6e+01  1.0  0.47816  0.00275  0.48464
13N-HN      499.2 5.0e-01 -5.500e+02 2.6e+01  1.0  0.48121  0.00275  0.48476
13N-HN      499.2 5.0e-01 -5.750e+02 2.6e+01  1.0  0.48300  0.00275  0.48488
13N-HN      499.2 5.0e-01 -6.000e+02 2.6e+01  1.0  0.48903  0.00275  0.48499
13N-HN      499.2 5.0e-01 -6.250e+02 2.6e+01  1.0  0.48330  0.00275  0.48509
13N-HN      499.2 5.0e-01 -6.500e+02 2.6e+01  1.0  0.48446  0.00275  0.48518
13N-HN      499.2 5.0e-01 -6.750e+02 2.6e+01  1.0  0.48559  0.00275  0.48527
13N-HN      499.2 5.0e-01 -7.000e+02 2.6e+01  1.0  0.48740  0.00275  0.48535
13N-HN      499.2 5.0e-01 -7.250e+02 2.6e+01  1.0  0.48867  0.00275  0.48543
13N-HN      499.2 5.0e-01 -7.500e+02 2.6e+01  1.0  0.48461  0.00275  0.48551
26N-HN      499.2 5.0e-01 1.000e+04 2.6e+01  1.0  1.00000  0.00331  1.00115
26N-HN      499.2 5.0e-01 7.500e+02 2.6e+01  1.0  0.43074  0.00331  0.42725
26N-HN      499.2 5.0e-01 7.250e+02 2.6e+01  1.0  0.42408  0.00331  0.42668
26N-HN      499.2 5.0e-01 7.000e+02 2.6e+01  1.0  0.42476  0.00331  0.42602
26N-HN      499.2 5.0e-01 6.750e+02 2.6e+01  1.0  0.42710  0.00331  0.42527
26N-HN      499.2 5.0e-01 6.500e+02 2.6e+01  1.0  0.42061  0.00331  0.42440
26N-HN      499.2 5.0e-01 6.250e+02 2.6e+01  1.0  0.42464  0.00331  0.42339
26N-HN      499.2 5.0e-01 6.000e+02 2.6e+01  1.0  0.42292  0.00331  0.42219
26N-HN      499.2 5.0e-01 5.750e+02 2.6e+01  1.0  0.42315  0.00331  0.42079
26N-HN      499.2 5.0e-01 5.500e+02 2.6e+01  1.0  0.42164  0.00331  0.41911
26N-HN      499.2 5.0e-01 5.250e+02 2.6e+01  1.0  0.41804  0.00331  0.41708
26N-HN      499.2 5.0e-01 5.000e+02 2.6e+01  1.0  0.41103  0.00331  0.41459
26N-HN      499.2 5.0e-01 4.750e+02 2.6e+01  1.0  0.40883  0.00331  0.41151
26N-HN      499.2 5.0e-01 4.500e+02 2.6e+01  1.0  0.40914  0.00331  0.40762
26N-HN      499.2 5.0e-01 4.250e+02 2.6e+01  1.0  0.40620  0.00331  0.40262
26N-HN      499.2 5.0e-01 4.000e+02 2.6e+01  1.0  0.40060  0.00331  0.39607
26N-HN      499.2 5.0e-01 3.750e+02 2.6e+01  1.0  0.38553  0.00331  0.38723
26N-HN      499.2 5.0e-01 3.500e+02 2.6e+01  1.0  0.37315  0.00331  0.37501
26N-HN      499.2 5.0e-01 3.250e+02 2.6e+01  1.0  0.36164  0.00331  0.35747
26N-HN      499.2 5.0e-01 3.000e+02 2.6e+01  1.0  0.33164  0.00331  0.33139
26N-HN      499.2 5.0e-01 2.750e+02 2.6e+01  1.0  0.29263  0.00331  0.29105
26N-HN      499.2 5.0e-01 2.500e+02 2.6e+01  1.0  0.22717  0.00331  0.22708
26N-HN      499.2 5.0e-01 2.250e+02 2.6e+01  1.0  0.14030  0.00331  0.13031
26N-HN      499.2 5.0e-01 2.000e+02 2.6e+01  1.0  0.02862  0.00331  0.02752
26N-HN      499.2 5.0e-01 1.750e+02 2.6e+01  1.0 -0.00235  0.00331  0.00005
26N-HN      499.2 5.0e-01 1.500e+02 2.6e+01  1.0  0.00275  0.00331  0.00103
26N-HN      499.2 5.0e-01 1.250e+02 2.6e+01  1.0  0.04369  0.00331  0.04605
26N-HN      499.2 5.0e-01 1.000e+02 2.6e+01  1.0  0.14496  0.00331  0.14784
26N-HN      499.2 5.0e-01 7.500e+01 2.6e+01  1.0  0.23225  0.00331  0.23073
26N-HN      499.2 5.0e-01 5.000e+01 2.6e+01  1.0  0.27978  0.00331  0.28306
26N-HN      499.2 5.0e-01 2.500e+01 2.6e+01  1.0  0.30716  0.00331  0.31365
26N-HN      499.2 5.0e-01 -0.000e+00 2.6e+01  1.0  0.32153  0.00331  0.32908
26N-HN      499.2 5.0e-01 -2.500e+01 2.6e+01  1.0  0.32922  0.00331  0.33167
26N-HN      499.2 5.0e-01 -5.000e+01 2.6e+01  1.0  0.31595  0.00331  0.32023
26N-HN      499.2 5.0e-01 -7.500e+01 2.6e+01  1.0  0.30350  0.00331  0.29540
26N-HN      499.2 5.0e-01 -1.000e+02 2.6e+01  1.0  0.27946  0.00331  0.28307
26N-HN      499.2 5.0e-01 -1.250e+02 2.6e+01  1.0  0.31506  0.00331  0.31532
26N-HN      499.2 5.0e-01 -1.500e+02 2.6e+01  1.0  0.36050  0.00331  0.35603
26N-HN      499.2 5.0e-01 -1.750e+02 2.6e+01  1.0  0.37827  0.00331  0.38196
26N-HN      499.2 5.0e-01 -2.000e+02 2.6e+01  1.0  0.39598  0.00331  0.39682
26N-HN      499.2 5.0e-01 -2.250e+02 2.6e+01  1.0  0.40831  0.00331  0.40576
26N-HN      499.2 5.0e-01 -2.500e+02 2.6e+01  1.0  0.41926  0.00331  0.41151
26N-HN      499.2 5.0e-01 -2.750e+02 2.6e+01  1.0  0.41597  0.00331  0.41548
26N-HN      499.2 5.0e-01 -3.000e+02 2.6e+01  1.0  0.41252  0.00331  0.41834
26N-HN      499.2 5.0e-01 -3.250e+02 2.6e+01  1.0  0.42439  0.00331  0.42051
26N-HN      499.2 5.0e-01 -3.500e+02 2.6e+01  1.0  0.41768  0.00331  0.42220
26N-HN      499.2 5.0e-01 -3.750e+02 2.6e+01  1.0  0.41628  0.00331  0.42355
26N-HN      499.2 5.0e-01 -4.000e+02 2.6e+01  1.0  0.42765  0.00331  0.42465
26N-HN      499.2 5.0e-01 -4.250e+02 2.6e+01  1.0  0.42620  0.00331  0.42557
26N-HN      499.2 5.0e-01 -4.500e+02 2.6e+01  1.0  0.43070  0.00331  0.42635
26N-HN      499.2 5.0e-01 -4.750e+02 2.6e+01  1.0  0.43174  0.00331  0.42701
26N-HN      499.2 5.0e-01 -5.000e+02 2.6e+01  1.0  0.42912  0.00331  0.42758
26N-HN      499.2 5.0e-01 -5.250e+02 2.6e+01  1.0  0.42609  0.00331  0.42807
26N-HN      499.2 5.0e-01 -5.500e+02 2.6e+01  1.0  0.42755  0.00331  0.42851
26N-HN      499.2 5.0e-01 -5.750e+02 2.6e+01  1.0  0.42701  0.00331  0.42889
26N-HN      499.2 5.0e-01 -6.000e+02 2.6e+01  1.0  0.42399  0.00331  0.42924
26N-HN      499.2 5.0e-01 -6.250e+02 2.6e+01  1.0  0.42727  0.00331  0.42954
26N-HN      499.2 5.0e-01 -6.500e+02 2.6e+01  1.0  0.43174  0.00331  0.42981
26N-HN      499.2 5.0e-01 -6.750e+02 2.6e+01  1.0  0.43079  0.00331  0.43006
26N-HN      499.2 5.0e-01 -7.000e+02 2.6e+01  1.0  0.43119  0.00331  0.43028
26N-HN      499.2 5.0e-01 -7.250e+02 2.6e+01  1.0  0.42995  0.00331  0.43048
26N-HN      499.2 5.0e-01 -7.500e+02 2.6e+01  1.0  0.43416  0.00331  0.43067
28N-HN      499.2 5.0e-01 1.000e+04 2.6e+01  1.0  1.00000  0.00492  1.00309
28N-HN      499.2 5.0e-01 7.500e+02 2.6e+01  1.0  0.41389  0.00492  0.41810
28N-HN      499.2 5.0e-01 7.250e+02 2.6e+01  1.0  0.41829  0.00492  0.41716
28N-HN      499.2 5.0e-01 7.000e+02 2.6e+01  1.0  0.42198  0.00492  0.41607
28N-HN      499.2 5.0e-01 6.750e+02 2.6e+01  1.0  0.41544  0.00492  0.41478
28N-HN      499.2 5.0e-01 6.500e+02 2.6e+01  1.0  0.40949  0.00492  0.41325
28N-HN      499.2 5.0e-01 6.250e+02 2.6e+01  1.0  0.41208  0.00492  0.41141
28N-HN      499.2 5.0e-01 6.000e+02 2.6e+01  1.0  0.40689  0.00492  0.40916
28N-HN      499.2 5.0e-01 5.750e+02 2.6e+01  1.0  0.40444  0.00492  0.40639
28N-HN      499.2 5.0e-01 5.500e+02 2.6e+01  1.0  0.40546  0.00492  0.40292
28N-HN      499.2 5.0e-01 5.250e+02 2.6e+01  1.0  0.39128  0.00492  0.39849
28N-HN      499.2 5.0e-01 5.000e+02 2.6e+01  1.0  0.38531  0.00492  0.39271
28N-HN      499.2 5.0e-01 4.750e+02 2.6e+01  1.0  0.38405  0.00492  0.38502
28N-HN      499.2 5.0e-01 4.500e+02 2.6e+01  1.0  0.38263  0.00492  0.37444
28N-HN      499.2 5.0e-01 4.250e+02 2.6e+01  1.0  0.35718  0.00492  0.35944
28N-HN      499.2 5.0e-01 4.000e+02 2.6e+01  1.0  0.34041  0.00492  0.33737
28N-HN      499.2 5.0e-01 3.750e+02 2.6e+01  1.0  0.30367  0.00492  0.30352
28N-HN      499.2 5.0e-01 3.500e+02 2.6e+01  1.0  0.25169  0.00492  0.24980
28N-HN      499.2 5.0e-01 3.250e+02 2.6e+01  1.0  0.16899  0.00492  0.16525
28N-HN      499.2 5.0e-01 3.000e+02 2.6e+01  1.0  0.05594  0.00492  0.05639
28N-HN      499.2 5.0e-01 2.750e+02 2.6e+01  1.0  0.00054  0.00492  0.00167
28N-HN      499.2 5.0e-01 2.500e+02 2.6e+01  1.0 -0.00307  0.00492  0.00009
28N-HN      499.2 5.0e-01 2.250e+02 2.6e+01  1.0  0.02419  0.00492  0.02571
28N-HN      499.2 5.0e-01 2.000e+02 2.6e+01  1.0  0.12249  0.00492  0.12288
28N-HN      499.2 5.0e-01 1.750e+02 2.6e+01  1.0  0.22111  0.00492  0.21446
28N-HN      499.2 5.0e-01 1.500e+02 2.6e+01  1.0  0.26973  0.00492  0.27437
28N-HN      499.2 5.0e-01 1.250e+02 2.6e+01  1.0  0.30221  0.00492  0.31107
28N-HN      499.2 5.0e-01 1.000e+02 2.6e+01  1.0  0.32194  0.00492  0.33320
28N-HN      499.2 5.0e-01 7.500e+01 2.6e+01  1.0  0.34156  0.00492  0.34585
28N-HN      499.2 5.0e-01 5.000e+01 2.6e+01  1.0  0.35183  0.00492  0.35151
28N-HN      499.2 5.0e-01 2.500e+01 2.6e+01  1.0  0.34820  0.00492  0.35100
28N-HN      499.2 5.0e-01 -0.000e+00 2.6e+01  1.0  0.34791  0.00492  0.34413
28N-HN      499.2 5.0e-01 -2.500e+01 2.6e+01  1.0  0.33679  0.00492  0.33055
28N-HN      499.2 5.0e-01 -5.000e+01 2.6e+01  1.0  0.30969  0.00492  0.31322
28N-HN      499.2 5.0e-01 -7.500e+01 2.6e+01  1.0  0.31087  0.00492  0.30356
28N-HN      499.2 5.0e-01 -1.000e+02 2.6e+01  1.0  0.31128  0.00492  0.31404
28N-HN      499.2 5.0e-01 -1.250e+02 2.6e+01  1.0  0.33792  0.00492  0.33815
28N-HN      499.2 5.0e-01 -1.500e+02 2.6e+01  1.0  0.36562  0.00492  0.36142
28N-HN      499.2 5.0e-01 -1.750e+02 2.6e+01  1.0  0.38227  0.00492  0.37859
28N-HN      499.2 5.0e-01 -2.000e+02 2.6e+01  1.0  0.39150  0.00492  0.39031
28N-HN      499.2 5.0e-01 -2.250e+02 2.6e+01  1.0  0.40348  0.00492  0.39832
28N-HN      499.2 5.0e-01 -2.500e+02 2.6e+01  1.0  0.40769  0.00492  0.40392
28N-HN      499.2 5.0e-01 -2.750e+02 2.6e+01  1.0  0.40583  0.00492  0.40797
28N-HN      499.2 5.0e-01 -3.000e+02 2.6e+01  1.0  0.41049  0.00492  0.41097
28N-HN      499.2 5.0e-01 -3.250e+02 2.6e+01  1.0  0.41218  0.00492  0.41328
28N-HN      499.2 5.0e-01 -3.500e+02 2.6e+01  1.0  0.42160  0.00492  0.41508
28N-HN      499.2 5.0e-01 -3.750e+02 2.6e+01  1.0  0.41564  0.00492  0.41652
28N-HN      499.2 5.0e-01 -4.000e+02 2.6e+01  1.0  0.41493  0.00492  0.41770
28N-HN      499.2 5.0e-01 -4.250e+02 2.6e+01  1.0  0.41827  0.00492  0.41867
28N-HN      499.2 5.0e-01 -4.500e+02 2.6e+01  1.0  0.42472  0.00492  0.41948
28N-HN      499.2 5.0e-01 -4.750e+02 2.6e+01  1.0  0.41692  0.00492  0.42018
28N-HN      499.2 5.0e-01 -5.000e+02 2.6e+01  1.0  0.42688  0.00492  0.42077
28N-HN      499.2 5.0e-01 -5.250e+02 2.6e+01  1.0  0.41907  0.00492  0.42129
28N-HN      499.2 5.0e-01 -5.500e+02 2.6e+01  1.0  0.41649  0.00492  0.42174
28N-HN      499.2 5.0e-01 -5.750e+02 2.6e+01  1.0  0.42914  0.00492  0.42213
28N-HN      499.2 5.0e-01 -6.000e+02 2.6e+01  1.0  0.42099  0.00492  0.42248
28N-HN      499.2 5.0e-01 -6.250e+02 2.6e+01  1.0  0.42818  0.00492  0.42279
28N-HN      499.2 5.0e-01 -6.500e+02 2.6e+01  1.0  0.42404  0.00492  0.42307
28N-HN      499.2 5.0e-01 -6.750e+02 2.6e+01  1.0  0.42454  0.00492  0.42332
28N-HN      499.2 5.0e-01 -7.000e+02 2.6e+01  1.0  0.42386  0.00492  0.42354
28N-HN      499.2 5.0e-01 -7.250e+02 2.6e+01  1.0  0.42117  0.00492  0.42375
28N-HN      499.2 5.0e-01 -7.500e+02 2.6e+01  1.0  0.42249  0.00492  0.42393
29N-HN      499.2 5.0e-01 1.000e+04 2.6e+01  1.0  1.00000  0.00415  0.99642
29N-HN      499.2 5.0e-01 7.500e+02 2.6e+01  1.0  0.42450  0.00415  0.42387
29N-HN      499.2 5.0e-01 7.250e+02 2.6e+01  1.0  0.42546  0.00415  0.42323
29N-HN      499.2 5.0e-01 7.000e+02 2.6e+01  1.0  0.42227  0.00415  0.42250
29N-HN      499.2 5.0e-01 6.750e+02 2.6e+01  1.0  0.42168  0.00415  0.42166
29N-HN      499.2 5.0e-01 6.500e+02 2.6e+01  1.0  0.41809  0.00415  0.42069
29N-HN      499.2 5.0e-01 6.250e+02 2.6e+01  1.0  0.41406  0.00415  0.41955
29N-HN      499.2 5.0e-01 6.000e+02 2.6e+01  1.0  0.42145  0.00415  0.41820
29N-HN      499.2 5.0e-01 5.750e+02 2.6e+01  1.0  0.41829  0.00415  0.41660
29N-HN      499.2 5.0e-01 5.500e+02 2.6e+01  1.0  0.41458  0.00415  0.41467
29N-HN      499.2 5.0e-01 5.250e+02 2.6e+01  1.0  0.41339  0.00415  0.41232
29N-HN      499.2 5.0e-01 5.000e+02 2.6e+01  1.0  0.40824  0.00415  0.40941
29N-HN      499.2 5.0e-01 4.750e+02 2.6e+01  1.0  0.40689  0.00415  0.40575
29N-HN      499.2 5.0e-01 4.500e+02 2.6e+01  1.0  0.39810  0.00415  0.40109
29N-HN      499.2 5.0e-01 4.250e+02 2.6e+01  1.0  0.38952  0.00415  0.39499
29N-HN      499.2 5.0e-01 4.000e+02 2.6e+01  1.0  0.38804  0.00415  0.38685
29N-HN      499.2 5.0e-01 3.750e+02 2.6e+01  1.0  0.37784  0.00415  0.37563
29N-HN      499.2 5.0e-01 3.500e+02 2.6e+01  1.0  0.36492  0.00415  0.35970
29N-HN      499.2 5.0e-01 3.250e+02 2.6e+01  1.0  0.33587  0.00415  0.33619
29N-HN      499.2 5.0e-01 3.000e+02 2.6e+01  1.0  0.29585  0.00415  0.30005
29N-HN      499.2 5.0e-01 2.750e+02 2.6e+01  1.0  0.24667  0.00415  0.24281
29N-HN      499.2 5.0e-01 2.500e+02 2.6e+01  1.0  0.15639  0.00415  0.15386
29N-HN      499.2 5.0e-01 2.250e+02 2.6e+01  1.0  0.04476  0.00415  0.04571
29N-HN      499.2 5.0e-01 2.000e+02 2.6e+01  1.0 -0.00567  0.00415  0.00080
29N-HN      499.2 5.0e-01 1.750e+02 2.6e+01  1.0 -0.00387  0.00415  0.00025
29N-HN      499.2 5.0e-01 1.500e+02 2.6e+01  1.0  0.02569  0.00415  0.03075
29N-HN      499.2 5.0e-01 1.250e+02 2.6e+01  1.0  0.12742  0.00415  0.12936
29N-HN      499.2 5.0e-01 1.000e+02 2.6e+01  1.0  0.21846  0.00415  0.21813
29N-HN      499.2 5.0e-01 7.500e+01 2.6e+01  1.0  0.27232  0.00415  0.27547
29N-HN      499.2 5.0e-01 5.000e+01 2.6e+01  1.0  0.30559  0.00415  0.30985
29N-HN      499.2 5.0e-01 2.500e+01 2.6e+01  1.0  0.33197  0.00415  0.32924
29N-HN      499.2 5.0e-01 -0.000e+00 2.6e+01  1.0  0.33396  0.00415  0.33794
29N-HN      499.2 5.0e-01 -2.500e+01 2.6e+01  1.0  0.33663  0.00415  0.33742
29N-HN      499.2 5.0e-01 -5.000e+01 2.6e+01  1.0  0.32347  0.00415  0.32766
29N-HN      499.2 5.0e-01 -7.500e+01 2.6e+01  1.0  0.31169  0.00415  0.31045
29N-HN      499.2 5.0e-01 -1.000e+02 2.6e+01  1.0  0.29644  0.00415  0.29731
29N-HN      499.2 5.0e-01 -1.250e+02 2.6e+01  1.0  0.30743  0.00415  0.30702
29N-HN      499.2 5.0e-01 -1.500e+02 2.6e+01  1.0  0.33143  0.00415  0.33499
29N-HN      499.2 5.0e-01 -1.750e+02 2.6e+01  1.0  0.36568  0.00415  0.36185
29N-HN      499.2 5.0e-01 -2.000e+02 2.6e+01  1.0  0.37925  0.00415  0.38083
29N-HN      499.2 5.0e-01 -2.250e+02 2.6e+01  1.0  0.38679  0.00415  0.39332
29N-HN      499.2 5.0e-01 -2.500e+02 2.6e+01  1.0  0.40180  0.00415  0.40163
29N-HN      499.2 5.0e-01 -2.750e+02 2.6e+01  1.0  0.40834  0.00415  0.40736
29N-HN      499.2 5.0e-01 -3.000e+02 2.6e+01  1.0  0.41686  0.00415  0.41145
29N-HN      499.2 5.0e-01 -3.250e+02 2.6e+01  1.0  0.41668  0.00415  0.41449
29N-HN      499.2 5.0e-01 -3.500e+02 2.6e+01  1.0  0.41455  0.00415  0.41681
29N-HN      499.2 5.0e-01 -3.750e+02 2.6e+01  1.0  0.41613  0.00415  0.41863
29N-HN      499.2 5.0e-01 -4.000e+02 2.6e+01  1.0  0.42270  0.00415  0.42010
29N-HN      499.2 5.0e-01 -4.250e+02 2.6e+01  1.0  0.41741  0.00415  0.42129
29N-HN      499.2 5.0e-01 -4.500e+02 2.6e+01  1.0  0.42655  0.00415  0.42228
29N-HN      499.2 5.0e-01 -4.750e+02 2.6e+01  1.0  0.42214  0.00415  0.42311
29N-HN      499.2 5.0e-01 -5.000e+02 2.6e+01  1.0  0.42302  0.00415  0.42382
29N-HN      499.2 5.0e-01 -5.250e+02 2.6e+01  1.0  0.42960  0.00415  0.42443
29N-HN      499.2 5.0e-01 -5.500e+02 2.6e+01  1.0  0.42626  0.00415  0.42496
29N-HN      499.2 5.0e-01 -5.750e+02 2.6e+01  1.0  0.42200  0.00415  0.42542
29N-HN      499.2 5.0e-01 -6.000e+02 2.6e+01  1.0  0.42706  0.00415  0.42583
29N-HN      499.2 5.0e-01 -6.250e+02 2.6e+01  1.0  0.42271  0.00415  0.42618
29N-HN      499.2 5.0e-01 -6.500e+02 2.6e+01  1.0  0.42444  0.00415  0.42651
29N-HN      499.2 5.0e-01 -6.750e+02 2.6e+01  1.0  0.42881  0.00415  0.42679
29N-HN      499.2 5.0e-01 -7.000e+02 2.6e+01  1.0  0.42701  0.00415  0.42705
29N-HN      499.2 5.0e-01 -7.250e+02 2.6e+01  1.0  0.43236  0.00415  0.42728
29N-HN      499.2 5.0e-01 -7.500e+02 2.6e+01  1.0  0.42576  0.00415  0.42750
33N-HN      499.2 5.0e-01 1.000e+04 2.6e+01  1.0  1.00000  0.00279  0.99960
33N-HN      499.2 5.0e-01 7.500e+02 2.6e+01  1.0  0.40888  0.00279  0.41242
33N-HN      499.2 5.0e-01 7.250e+02 2.6e+01  1.0  0.40995  0.00279  0.41188
33N-HN      499.2 5.0e-01 7.000e+02 2.6e+01  1.0  0.41236  0.00279  0.41127
33N-HN      499.2 5.0e-01 6.750e+02 2.6e+01  1.0  0.40948  0.00279  0.41056
33N-HN      499.2 5.0e-01 6.500e+02 2.6e+01  1.0  0.41188  0.00279  0.40974
33N-HN      499.2 5.0e-01 6.250e+02 2.6e+01  1.0  0.40468  0.00279  0.40879
33N-HN      499.2 5.0e-01 6.000e+02 2.6e+01  1.0  0.40950  0.00279  0.40767
33N-HN      499.2 5.0e-01 5.750e+02 2.6e+01  1.0  0.40559  0.00279  0.40635
33N-HN      499.2 5.0e-01 5.500e+02 2.6e+01  1.0  0.40565  0.00279  0.40476
33N-HN      499.2 5.0e-01 5.250e+02 2.6e+01  1.0  0.40362  0.00279  0.40284
33N-HN      499.2 5.0e-01 5.000e+02 2.6e+01  1.0  0.40331  0.00279  0.40048
33N-HN      499.2 5.0e-01 4.750e+02 2.6e+01  1.0  0.39772  0.00279  0.39755
33N-HN      499.2 5.0e-01 4.500e+02 2.6e+01  1.0  0.39214  0.00279  0.39384
33N-HN      499.2 5.0e-01 4.250e+02 2.6e+01  1.0  0.38843  0.00279  0.38905
33N-HN      499.2 5.0e-01 4.000e+02 2.6e+01  1.0  0.38103  0.00279  0.38277
33N-HN      499.2 5.0e-01 3.750e+02 2.6e+01  1.0  0.37238  0.00279  0.37423
33N-HN      499.2 5.0e-01 3.500e+02 2.6e+01  1.0  0.36618  0.00279  0.36237
33N-HN      499.2 5.0e-01 3.250e+02 2.6e+01  1.0  0.34683  0.00279  0.34522
33N-HN      499.2 5.0e-01 3.000e+02 2.6e+01  1.0  0.32250  0.00279  0.31945
33N-HN      499.2 5.0e-01 2.750e+02 2.6e+01  1.0  0.28177  0.00279  0.27916
33N-HN      499.2 5.0e-01 2.500e+02 2.6e+01  1.0  0.21489  0.00279  0.21457
33N-HN      499.2 5.0e-01 2.250e+02 2.6e+01  1.0  0.11627  0.00279  0.11688
33N-HN      499.2 5.0e-01 2.000e+02 2.6e+01  1.0  0.01683  0.00279  0.01987
33N-HN      499.2 5.0e-01 1.750e+02 2.6e+01  1.0  0.00046  0.00279  0.00016
33N-HN      499.2 5.0e-01 1.500e+02 2.6e+01  1.0  0.00018  0.00279  0.00303
33N-HN      499.2 5.0e-01 1.250e+02 2.6e+01  1.0  0.06141  0.00279  0.06246
33N-HN      499.2 5.0e-01 1.000e+02 2.6e+01  1.0  0.15879  0.00279  0.16033
33N-HN      499.2 5.0e-01 7.500e+01 2.6e+01  1.0  0.23011  0.00279  0.23122
33N-HN      499.2 5.0e-01 5.000e+01 2.6e+01  1.0  0.26947  0.00279  0.27173
33N-HN      499.2 5.0e-01 2.500e+01 2.6e+01  1.0  0.28574  0.00279  0.28932
33N-HN      499.2 5.0e-01 -0.000e+00 2.6e+01  1.0  0.28512  0.00279  0.28713
33N-HN      499.2 5.0e-01 -2.500e+01 2.6e+01  1.0  0.27436  0.00279  0.26940
33N-HN      499.2 5.0e-01 -5.000e+01 2.6e+01  1.0  0.26952  0.00279  0.26681
33N-HN      499.2 5.0e-01 -7.500e+01 2.6e+01  1.0  0.30180  0.00279  0.30494
33N-HN      499.2 5.0e-01 -1.000e+02 2.6e+01  1.0  0.34983  0.00279  0.34415
33N-HN      499.2 5.0e-01 -1.250e+02 2.6e+01  1.0  0.36824  0.00279  0.36804
33N-HN      499.2 5.0e-01 -1.500e+02 2.6e+01  1.0  0.38522  0.00279  0.38182
33N-HN      499.2 5.0e-01 -1.750e+02 2.6e+01  1.0  0.39112  0.00279  0.39028
33N-HN      499.2 5.0e-01 -2.000e+02 2.6e+01  1.0  0.39722  0.00279  0.39586
33N-HN      499.2 5.0e-01 -2.250e+02 2.6e+01  1.0  0.40255  0.00279  0.39978
33N-HN      499.2 5.0e-01 -2.500e+02 2.6e+01  1.0  0.39807  0.00279  0.40267
33N-HN      499.2 5.0e-01 -2.750e+02 2.6e+01  1.0  0.40449  0.00279  0.40487
33N-HN      499.2 5.0e-01 -3.000e+02 2.6e+01  1.0  0.40541  0.00279  0.40661
33N-HN      499.2 5.0e-01 -3.250e+02 2.6e+01  1.0  0.40966  0.00279  0.40800
33N-HN      499.2 5.0e-01 -3.500e+02 2.6e+01  1.0  0.41099  0.00279  0.40915
33N-HN      499.2 5.0e-01 -3.750e+02 2.6e+01  1.0  0.41051  0.00279  0.41011
33N-HN      499.2 5.0e-01 -4.000e+02 2.6e+01  1.0  0.41058  0.00279  0.41092
33N-HN      499.2 5.0e-01 -4.250e+02 2.6e+01  1.0  0.40960  0.00279  0.41161
33N-HN      499.2 5.0e-01 -4.500e+02 2.6e+01  1.0  0.41315  0.00279  0.41221
33N-HN      499.2 5.0e-01 -4.750e+02 2.6e+01  1.0  0.41187  0.00279  0.41272
33N-HN      499.2 5.0e-01 -5.000e+02 2.6e+01  1.0  0.41696  0.00279  0.41318
33N-HN      499.2 5.0e-01 -5.250e+02 2.6e+01  1.0  0.41423  0.00279  0.41358
33N-HN      499.2 5.0e-01 -5.500e+02 2.6e+01  1.0  0.41411  0.00279  0.41393
33N-HN      499.2 5.0e-01 -5.750e+02 2.6e+01  1.0  0.41193  0.00279  0.41425
33N-HN      499.2 5.0e-01 -6.000e+02 2.6e+01  1.0  0.41302  0.00279  0.41453
33N-HN      499.2 5.0e-01 -6.250e+02 2.6e+01  1.0  0.41387  0.00279  0.41478
33N-HN      499.2 5.0e-01 -6.500e+02 2.6e+01  1.0  0.41332  0.00279  0.41502
33N-HN      499.2 5.0e-01 -6.750e+02 2.6e+01  1.0  0.41315  0.00279  0.41522
33N-HN      499.2 5.0e-01 -7.000e+02 2.6e+01  1.0  0.41389  0.00279  0.41541
33N-HN      499.2 5.0e-01 -7.250e+02 2.6e+01  1.0  0.41385  0.00279  0.41558
33N-HN      499.2 5.0e-01 -7.500e+02 2.6e+01  1.0  0.41632  0.00279  0.41574
37N-HN      499.2 5.0e-01 1.000e+04 2.6e+01  1.0  1.00000  0.00311  1.00080
37N-HN      499.2 5.0e-01 7.500e+02 2.6e+01  1.0  0.43747  0.00311  0.43788
37N-HN      499.2 5.0e-01 7.250e+02 2.6e+01  1.0  0.44115  0.00311  0.43733
37N-HN      499.2 5.0e-01 7.000e+02 2.6e+01  1.0  0.43638  0.00311  0.43671
37N-HN      499.2 5.0e-01 6.750e+02 2.6e+01  1.0  0.43427  0.00311  0.43600
37N-HN      499.2 5.0e-01 6.500e+02 2.6e+01  1.0  0.43615  0.00311  0.43518
37N-HN      499.2 5.0e-01 6.250e+02 2.6e+01  1.0  0.43503  0.00311  0.43424
37N-HN      499.2 5.0e-01 6.000e+02 2.6e+01  1.0  0.42912  0.00311  0.43314
37N-HN      499.2 5.0e-01 5.750e+02 2.6e+01  1.0  0.43710  0.00311  0.43185
37N-HN      499.2 5.0e-01 5.500e+02 2.6e+01  1.0  0.42465  0.00311  0.43033
37N-HN      499.2 5.0e-01 5.250e+02 2.6e+01  1.0  0.42274  0.00311  0.42851
37N-HN      499.2 5.0e-01 5.000e+02 2.6e+01  1.0  0.42706  0.00311  0.42631
37N-HN      499.2 5.0e-01 4.750e+02 2.6e+01  1.0  0.42236  0.00311  0.42360
37N-HN      499.2 5.0e-01 4.500e+02 2.6e+01  1.0  0.42042  0.00311  0.42026
37N-HN      499.2 5.0e-01 4.250e+02 2.6e+01  1.0  0.41318  0.00311  0.41602
37N-HN      499.2 5.0e-01 4.000e+02 2.6e+01  1.0  0.40903  0.00311  0.41059
37N-HN      499.2 5.0e-01 3.750e+02 2.6e+01  1.0  0.40839  0.00311  0.40343
37N-HN      499.2 5.0e-01 3.500e+02 2.6e+01  1.0  0.39689  0.00311  0.39380
37N-HN      499.2 5.0e-01 3.250e+02 2.6e+01  1.0  0.38208  0.00311  0.38045
37N-HN      499.2 5.0e-01 3.000e+02 2.6e+01  1.0  0.36075  0.00311  0.36127
37N-HN      499.2 5.0e-01 2.750e+02 2.6e+01  1.0  0.33364  0.00311  0.33273
37N-HN      499.2 5.0e-01 2.500e+02 2.6e+01  1.0  0.28758  0.00311  0.28864
37N-HN      499.2 5.0e-01 2.250e+02 2.6e+01  1.0  0.21793  0.00311  0.21925
37N-HN      499.2 5.0e-01 2.000e+02 2.6e+01  1.0  0.11984  0.00311  0.11725
37N-HN      499.2 5.0e-01 1.750e+02 2.6e+01  1.0  0.01863  0.00311  0.01954
37N-HN      499.2 5.0e-01 1.500e+02 2.6e+01  1.0  0.00203  0.00311  0.00014
37N-HN      499.2 5.0e-01 1.250e+02 2.6e+01  1.0  0.00023  0.00311  0.00159
37N-HN      499.2 5.0e-01 1.000e+02 2.6e+01  1.0  0.04594  0.00311  0.05162
37N-HN      499.2 5.0e-01 7.500e+01 2.6e+01  1.0  0.15906  0.00311  0.15363
37N-HN      499.2 5.0e-01 5.000e+01 2.6e+01  1.0  0.23271  0.00311  0.23455
37N-HN      499.2 5.0e-01 2.500e+01 2.6e+01  1.0  0.28100  0.00311  0.28459
37N-HN      499.2 5.0e-01 -0.000e+00 2.6e+01  1.0  0.30972  0.00311  0.31182
37N-HN      499.2 5.0e-01 -2.500e+01 2.6e+01  1.0  0.31948  0.00311  0.32151
37N-HN      499.2 5.0e-01 -5.000e+01 2.6e+01  1.0  0.31453  0.00311  0.31481
37N-HN      499.2 5.0e-01 -7.500e+01 2.6e+01  1.0  0.29626  0.00311  0.29502
37N-HN      499.2 5.0e-01 -1.000e+02 2.6e+01  1.0  0.28926  0.00311  0.28785
37N-HN      499.2 5.0e-01 -1.250e+02 2.6e+01  1.0  0.31810  0.00311  0.31985
37N-HN      499.2 5.0e-01 -1.500e+02 2.6e+01  1.0  0.35912  0.00311  0.35976
37N-HN      499.2 5.0e-01 -1.750e+02 2.6e+01  1.0  0.38769  0.00311  0.38642
37N-HN      499.2 5.0e-01 -2.000e+02 2.6e+01  1.0  0.40593  0.00311  0.40236
37N-HN      499.2 5.0e-01 -2.250e+02 2.6e+01  1.0  0.41536  0.00311  0.41222
37N-HN      499.2 5.0e-01 -2.500e+02 2.6e+01  1.0  0.42183  0.00311  0.41871
37N-HN      499.2 5.0e-01 -2.750e+02 2.6e+01  1.0  0.42175  0.00311  0.42322
37N-HN      499.2 5.0e-01 -3.000e+02 2.6e+01  1.0  0.42933  0.00311  0.42653
37N-HN      499.2 5.0e-01 -3.250e+02 2.6e+01  1.0  0.42822  0.00311  0.42904
37N-HN      499.2 5.0e-01 -3.500e+02 2.6e+01  1.0  0.43340  0.00311  0.43101
37N-HN      499.2 5.0e-01 -3.750e+02 2.6e+01  1.0  0.43019  0.00311  0.43258
37N-HN      499.2 5.0e-01 -4.000e+02 2.6e+01  1.0  0.43463  0.00311  0.43387
37N-HN      499.2 5.0e-01 -4.250e+02 2.6e+01  1.0  0.43455  0.00311  0.43495
37N-HN      499.2 5.0e-01 -4.500e+02 2.6e+01  1.0  0.42996  0.00311  0.43585
37N-HN      499.2 5.0e-01 -4.750e+02 2.6e+01  1.0  0.44080  0.00311  0.43662
37N-HN      499.2 5.0e-01 -5.000e+02 2.6e+01  1.0  0.44404  0.00311  0.43729
37N-HN      499.2 5.0e-01 -5.250e+02 2.6e+01  1.0  0.43658  0.00311  0.43787
37N-HN      499.2 5.0e-01 -5.500e+02 2.6e+01  1.0  0.43622  0.00311  0.43838
37N-HN      499.2 5.0e-01 -5.750e+02 2.6e+01  1.0  0.43777  0.00311  0.43882
37N-HN      499.2 5.0e-01 -6.000e+02 2.6e+01  1.0  0.44307  0.00311  0.43922
37N-HN      499.2 5.0e-01 -6.250e+02 2.6e+01  1.0  0.44364  0.00311  0.43957
37N-HN      499.2 5.0e-01 -6.500e+02 2.6e+01  1.0  0.43707  0.00311  0.43989
37N-HN      499.2 5.0e-01 -6.750e+02 2.6e+01  1.0  0.43668  0.00311  0.44017
37N-HN      499.2 5.0e-01 -7.000e+02 2.6e+01  1.0  0.43884  0.00311  0.44043
37N-HN      499.2 5.0e-01 -7.250e+02 2.6e+01  1.0  0.44194  0.00311  0.44066
37N-HN      499.2 5.0e-01 -7.500e+02 2.6e+01  1.0  0.43811  0.00311  0.44088
41N-HN      499.2 5.0e-01 1.000e+04 2.6e+01  1.0  1.00000  0.00360  1.00179
41N-HN      499.2 5.0e-01 7.500e+02 2.6e+01  1.0  0.43954  0.00360  0.44302
41N-HN      499.2 5.0e-01 7.250e+02 2.6e+01  1.0  0.43982  0.00360  0.44213
41N-HN      499.2 5.0e-01 7.000e+02 2.6e+01  1.0  0.44467  0.00360  0.44111
41N-HN      499.2 5.0e-01 6.750e+02 2.6e+01  1.0  0.43722  0.00360  0.43992
41N-HN      499.2 5.0e-01 6.500e+02 2.6e+01  1.0  0.44350  0.00360  0.43852
41N-HN      499.2 5.0e-01 6.250e+02 2.6e+01  1.0  0.43467  0.00360  0.43685
41N-HN      499.2 5.0e-01 6.000e+02 2.6e+01  1.0  0.43512  0.00360  0.43486
41N-HN      499.2 5.0e-01 5.750e+02 2.6e+01  1.0  0.43511  0.00360  0.43246
41N-HN      499.2 5.0e-01 5.500e+02 2.6e+01  1.0  0.43139  0.00360  0.42951
41N-HN      499.2 5.0e-01 5.250e+02 2.6e+01  1.0  0.42521  0.00360  0.42584
41N-HN      499.2 5.0e-01 5.000e+02 2.6e+01  1.0  0.41627  0.00360  0.42119
41N-HN      499.2 5.0e-01 4.750e+02 2.6e+01  1.0  0.41365  0.00360  0.41522
41N-HN      499.2 5.0e-01 4.500e+02 2.6e+01  1.0  0.40780  0.00360  0.40735
41N-HN      499.2 5.0e-01 4.250e+02 2.6e+01  1.0  0.39669  0.00360  0.39674
41N-HN      499.2 5.0e-01 4.000e+02 2.6e+01  1.0  0.38215  0.00360  0.38201
41N-HN      499.2 5.0e-01 3.750e+02 2.6e+01  1.0  0.36317  0.00360  0.36084
41N-HN      499.2 5.0e-01 3.500e+02 2.6e+01  1.0  0.33125  0.00360  0.32937
41N-HN      499.2 5.0e-01 3.250e+02 2.6e+01  1.0  0.28618  0.00360  0.28098
41N-HN      499.2 5.0e-01 3.000e+02 2.6e+01  1.0  0.21076  0.00360  0.20592
41N-HN      499.2 5.0e-01 2.750e+02 2.6e+01  1.0  0.09808  0.00360  0.10039
41N-HN      499.2 5.0e-01 2.500e+02 2.6e+01  1.0  0.01753  0.00360  0.01235
41N-HN      499.2 5.0e-01 2.250e+02 2.6e+01  1.0 -0.00151  0.00360  0.00005
41N-HN      499.2 5.0e-01 2.000e+02 2.6e+01  1.0  0.00223  0.00360  0.00201
41N-HN      499.2 5.0e-01 1.750e+02 2.6e+01  1.0  0.05455  0.00360  0.05552
41N-HN      499.2 5.0e-01 1.500e+02 2.6e+01  1.0  0.16268  0.00360  0.15942
41N-HN      499.2 5.0e-01 1.250e+02 2.6e+01  1.0  0.23863  0.00360  0.24304
41N-HN      499.2 5.0e-01 1.000e+02 2.6e+01  1.0  0.29371  0.00360  0.29745
41N-HN      499.2 5.0e-01 7.500e+01 2.6e+01  1.0  0.32197  0.00360  0.33130
41N-HN      499.2 5.0e-01 5.000e+01 2.6e+01  1.0  0.34448  0.00360  0.35156
41N-HN      499.2 5.0e-01 2.500e+01 2.6e+01  1.0  0.35525  0.00360  0.36197
41N-HN      499.2 5.0e-01 -0.000e+00 2.6e+01  1.0  0.35594  0.00360  0.36360
41N-HN      499.2 5.0e-01 -2.500e+01 2.6e+01  1.0  0.35200  0.00360  0.35514
41N-HN      499.2 5.0e-01 -5.000e+01 2.6e+01  1.0  0.33675  0.00360  0.33409
41N-HN      499.2 5.0e-01 -7.500e+01 2.6e+01  1.0  0.31224  0.00360  0.30677
41N-HN      499.2 5.0e-01 -1.000e+02 2.6e+01  1.0  0.30885  0.00360  0.30725
41N-HN      499.2 5.0e-01 -1.250e+02 2.6e+01  1.0  0.34084  0.00360  0.34471
41N-HN      499.2 5.0e-01 -1.500e+02 2.6e+01  1.0  0.38177  0.00360  0.38067
41N-HN      499.2 5.0e-01 -1.750e+02 2.6e+01  1.0  0.40942  0.00360  0.40315
41N-HN      499.2 5.0e-01 -2.000e+02 2.6e+01  1.0  0.41603  0.00360  0.41646
41N-HN      499.2 5.0e-01 -2.250e+02 2.6e+01  1.0  0.42578  0.00360  0.42470
41N-HN      499.2 5.0e-01 -2.500e+02 2.6e+01  1.0  0.43010  0.00360  0.43013
41N-HN      499.2 5.0e-01 -2.750e+02 2.6e+01  1.0  0.44096  0.00360  0.43391
41N-HN      499.2 5.0e-01 -3.000e+02 2.6e+01  1.0  0.43669  0.00360  0.43667
41N-HN      499.2 5.0e-01 -3.250e+02 2.6e+01  1.0  0.44340  0.00360  0.43877
41N-HN      499.2 5.0e-01 -3.500e+02 2.6e+01  1.0  0.44039  0.00360  0.44041
41N-HN      499.2 5.0e-01 -3.750e+02 2.6e+01  1.0  0.44421  0.00360  0.44173
41N-HN      499.2 5.0e-01 -4.000e+02 2.6e+01  1.0  0.44436  0.00360  0.44281
41N-HN      499.2 5.0e-01 -4.250e+02 2.6e+01  1.0  0.44939  0.00360  0.44371
41N-HN      499.2 5.0e-01 -4.500e+02 2.6e+01  1.0  0.44539  0.00360  0.44448
41N-HN      499.2 5.0e-01 -4.750e+02 2.6e+01  1.0  0.44670  0.00360  0.44513
41N-HN      499.2 5.0e-01 -5.000e+02 2.6e+01  1.0  0.44689  0.00360  0.44569
41N-HN      499.2 5.0e-01 -5.250e+02 2.6e+01  1.0  0.44386  0.00360  0.44619
41N-HN      499.2 5.0e-01 -5.500e+02 2.6e+01  1.0  0.45074  0.00360  0.44662
41N-HN      499.2 5.0e-01 -5.750e+02 2.6e+01  1.0  0.45041  0.00360  0.44700
41N-HN      499.2 5.0e-01 -6.000e+02 2.6e+01  1.0  0.44591  0.00360  0.44734
41N-HN      499.2 5.0e-01 -6.250e+02 2.6e+01  1.0  0.44288  0.00360  0.44765
41N-HN      499.2 5.0e-01 -6.500e+02 2.6e+01  1.0  0.44881  0.00360  0.44792
41N-HN      499.2 5.0e-01 -6.750e+02 2.6e+01  1.0  0.44594  0.00360  0.44817
41N-HN      499.2 5.0e-01 -7.000e+02 2.6e+01  1.0  0.44738  0.00360  0.44840
41N-HN      499.2 5.0e-01 -7.250e+02 2.6e+01  1.0  0.44621  0.00360  0.44860
41N-HN      499.2 5.0e-01 -7.500e+02 2.6e+01  1.0  0.44870  0.00360  0.44879
42N-HN      499.2 5.0e-01 1.000e+04 2.6e+01  1.0  1.00000  0.00464  1.00136
42N-HN      499.2 5.0e-01 7.500e+02 2.6e+01  1.0  0.42699  0.00464  0.42542
42N-HN      499.2 5.0e-01 7.250e+02 2.6e+01  1.0  0.42164  0.00464  0.42429
42N-HN      499.2 5.0e-01 7.000e+02 2.6e+01  1.0  0.42305  0.00464  0.42298
42N-HN      499.2 5.0e-01 6.750e+02 2.6e+01  1.0  0.42515  0.00464  0.42141
42N-HN      499.2 5.0e-01 6.500e+02 2.6e+01  1.0  0.41431  0.00464  0.41954
42N-HN      499.2 5.0e-01 6.250e+02 2.6e+01  1.0  0.41361  0.00464  0.41727
42N-HN      499.2 5.0e-01 6.000e+02 2.6e+01  1.0  0.41581  0.00464  0.41447
42N-HN      499.2 5.0e-01 5.750e+02 2.6e+01  1.0  0.41575  0.00464  0.41098
42N-HN      499.2 5.0e-01 5.500e+02 2.6e+01  1.0  0.40661  0.00464  0.40654
42N-HN      499.2 5.0e-01 5.250e+02 2.6e+01  1.0  0.40040  0.00464  0.40081
42N-HN      499.2 5.0e-01 5.000e+02 2.6e+01  1.0  0.39586  0.00464  0.39320
42N-HN      499.2 5.0e-01 4.750e+02 2.6e+01  1.0  0.38417  0.00464  0.38286
42N-HN      499.2 5.0e-01 4.500e+02 2.6e+01  1.0  0.37378  0.00464  0.36836
42N-HN      499.2 5.0e-01 4.250e+02 2.6e+01  1.0  0.34369  0.00464  0.34728
42N-HN      499.2 5.0e-01 4.000e+02 2.6e+01  1.0  0.32280  0.00464  0.31548
42N-HN      499.2 5.0e-01 3.750e+02 2.6e+01  1.0  0.26538  0.00464  0.26574
42N-HN      499.2 5.0e-01 3.500e+02 2.6e+01  1.0  0.18980  0.00464  0.18765
42N-HN      499.2 5.0e-01 3.250e+02 2.6e+01  1.0  0.08233  0.00464  0.08032
42N-HN      499.2 5.0e-01 3.000e+02 2.6e+01  1.0  0.00877  0.00464  0.00576
42N-HN      499.2 5.0e-01 2.750e+02 2.6e+01  1.0 -0.00552  0.00464 -0.00004
42N-HN      499.2 5.0e-01 2.500e+02 2.6e+01  1.0  0.00640  0.00464  0.00886
42N-HN      499.2 5.0e-01 2.250e+02 2.6e+01  1.0  0.08869  0.00464  0.08741
42N-HN      499.2 5.0e-01 2.000e+02 2.6e+01  1.0  0.18309  0.00464  0.18743
42N-HN      499.2 5.0e-01 1.750e+02 2.6e+01  1.0  0.25369  0.00464  0.25815
42N-HN      499.2 5.0e-01 1.500e+02 2.6e+01  1.0  0.29432  0.00464  0.30219
42N-HN      499.2 5.0e-01 1.250e+02 2.6e+01  1.0  0.32691  0.00464  0.32875
42N-HN      499.2 5.0e-01 1.000e+02 2.6e+01  1.0  0.34010  0.00464  0.34370
42N-HN      499.2 5.0e-01 7.500e+01 2.6e+01  1.0  0.33450  0.00464  0.34994
42N-HN      499.2 5.0e-01 5.000e+01 2.6e+01  1.0  0.34191  0.00464  0.34816
42N-HN      499.2 5.0e-01 2.500e+01 2.6e+01  1.0  0.33250  0.00464  0.33766
42N-HN      499.2 5.0e-01 -0.000e+00 2.6e+01  1.0  0.32266  0.00464  0.31899
42N-HN      499.2 5.0e-01 -2.500e+01 2.6e+01  1.0  0.30244  0.00464  0.30201
42N-HN      499.2 5.0e-01 -5.000e+01 2.6e+01  1.0  0.30799  0.00464  0.30775
42N-HN      499.2 5.0e-01 -7.500e+01 2.6e+01  1.0  0.33023  0.00464  0.33568
42N-HN      499.2 5.0e-01 -1.000e+02 2.6e+01  1.0  0.36262  0.00464  0.36419
42N-HN      499.2 5.0e-01 -1.250e+02 2.6e+01  1.0  0.38778  0.00464  0.38441
42N-HN      499.2 5.0e-01 -1.500e+02 2.6e+01  1.0  0.40116  0.00464  0.39756
42N-HN      499.2 5.0e-01 -1.750e+02 2.6e+01  1.0  0.40496  0.00464  0.40619
42N-HN      499.2 5.0e-01 -2.000e+02 2.6e+01  1.0  0.41769  0.00464  0.41207
42N-HN      499.2 5.0e-01 -2.250e+02 2.6e+01  1.0  0.42034  0.00464  0.41623
42N-HN      499.2 5.0e-01 -2.500e+02 2.6e+01  1.0  0.42111  0.00464  0.41929
42N-HN      499.2 5.0e-01 -2.750e+02 2.6e+01  1.0  0.42186  0.00464  0.42162
42N-HN      499.2 5.0e-01 -3.000e+02 2.6e+01  1.0  0.43031  0.00464  0.42344
42N-HN      499.2 5.0e-01 -3.250e+02 2.6e+01  1.0  0.42594  0.00464  0.42489
42N-HN      499.2 5.0e-01 -3.500e+02 2.6e+01  1.0  0.42602  0.00464  0.42608
42N-HN      499.2 5.0e-01 -3.750e+02 2.6e+01  1.0  0.42836  0.00464  0.42706
42N-HN      499.2 5.0e-01 -4.000e+02 2.6e+01  1.0  0.42918  0.00464  0.42788
42N-HN      499.2 5.0e-01 -4.250e+02 2.6e+01  1.0  0.43090  0.00464  0.42858
42N-HN      499.2 5.0e-01 -4.500e+02 2.6e+01  1.0  0.42934  0.00464  0.42918
42N-HN      499.2 5.0e-01 -4.750e+02 2.6e+01  1.0  0.43919  0.00464  0.42971
42N-HN      499.2 5.0e-01 -5.000e+02 2.6e+01  1.0  0.42619  0.00464  0.43016
42N-HN      499.2 5.0e-01 -5.250e+02 2.6e+01  1.0  0.43353  0.00464  0.43056
42N-HN      499.2 5.0e-01 -5.500e+02 2.6e+01  1.0  0.42834  0.00464  0.43092
42N-HN      499.2 5.0e-01 -5.750e+02 2.6e+01  1.0  0.43103  0.00464  0.43124
42N-HN      499.2 5.0e-01 -6.000e+02 2.6e+01  1.0  0.43368  0.00464  0.43152
42N-HN      499.2 5.0e-01 -6.250e+02 2.6e+01  1.0  0.42888  0.00464  0.43178
42N-HN      499.2 5.0e-01 -6.500e+02 2.6e+01  1.0  0.43699  0.00464  0.43201
42N-HN      499.2 5.0e-01 -6.750e+02 2.6e+01  1.0  0.43378  0.00464  0.43222
42N-HN      499.2 5.0e-01 -7.000e+02 2.6e+01  1.0  0.43024  0.00464  0.43241
42N-HN      499.2 5.0e-01 -7.250e+02 2.6e+01  1.0  0.43308  0.00464  0.43258
42N-HN      499.2 5.0e-01 -7.500e+02 2.6e+01  1.0  0.42358  0.00464  0.43274
43N-HN      499.2 5.0e-01 1.000e+04 2.6e+01  1.0  1.00000  0.00536  0.99895
43N-HN      499.2 5.0e-01 7.500e+02 2.6e+01  1.0  0.39690  0.00536  0.39547
43N-HN      499.2 5.0e-01 7.250e+02 2.6e+01  1.0  0.39078  0.00536  0.38702
43N-HN      499.2 5.0e-01 7.000e+02 2.6e+01  1.0  0.38055  0.00536  0.37540
43N-HN      499.2 5.0e-01 6.750e+02 2.6e+01  1.0  0.36078  0.00536  0.35882
43N-HN      499.2 5.0e-01 6.500e+02 2.6e+01  1.0  0.34034  0.00536  0.33433
43N-HN      499.2 5.0e-01 6.250e+02 2.6e+01  1.0  0.29914  0.00536  0.29675
43N-HN      499.2 5.0e-01 6.000e+02 2.6e+01  1.0  0.23873  0.00536  0.23737
43N-HN      499.2 5.0e-01 5.750e+02 2.6e+01  1.0  0.15415  0.00536  0.14624
43N-HN      499.2 5.0e-01 5.500e+02 2.6e+01  1.0  0.03868  0.00536  0.03984
43N-HN      499.2 5.0e-01 5.250e+02 2.6e+01  1.0  0.00786  0.00536  0.00057
43N-HN      499.2 5.0e-01 5.000e+02 2.6e+01  1.0  0.00041  0.00536  0.00043
43N-HN      499.2 5.0e-01 4.750e+02 2.6e+01  1.0  0.02765  0.00536  0.03406
43N-HN      499.2 5.0e-01 4.500e+02 2.6e+01  1.0  0.13556  0.00536  0.13652
43N-HN      499.2 5.0e-01 4.250e+02 2.6e+01  1.0  0.22964  0.00536  0.22800
43N-HN      499.2 5.0e-01 4.000e+02 2.6e+01  1.0  0.27896  0.00536  0.28836
43N-HN      499.2 5.0e-01 3.750e+02 2.6e+01  1.0  0.32506  0.00536  0.32672
43N-HN      499.2 5.0e-01 3.500e+02 2.6e+01  1.0  0.34138  0.00536  0.35168
43N-HN      499.2 5.0e-01 3.250e+02 2.6e+01  1.0  0.36454  0.00536  0.36844
43N-HN      499.2 5.0e-01 3.000e+02 2.6e+01  1.0  0.37975  0.00536  0.38009
43N-HN      499.2 5.0e-01 2.750e+02 2.6e+01  1.0  0.38730  0.00536  0.38837
43N-HN      499.2 5.0e-01 2.500e+02 2.6e+01  1.0  0.38686  0.00536  0.39432
43N-HN      499.2 5.0e-01 2.250e+02 2.6e+01  1.0  0.40555  0.00536  0.39864
43N-HN      499.2 5.0e-01 2.000e+02 2.6e+01  1.0  0.39853  0.00536  0.40168
43N-HN      499.2 5.0e-01 1.750e+02 2.6e+01  1.0  0.39300  0.00536  0.40373
43N-HN      499.2 5.0e-01 1.500e+02 2.6e+01  1.0  0.39372  0.00536  0.40489
43N-HN      499.2 5.0e-01 1.250e+02 2.6e+01  1.0  0.40109  0.00536  0.40523
43N-HN      499.2 5.0e-01 1.000e+02 2.6e+01  1.0  0.39526  0.00536  0.40469
43N-HN      499.2 5.0e-01 7.500e+01 2.6e+01  1.0  0.39814  0.00536  0.40314
43N-HN      499.2 5.0e-01 5.000e+01 2.6e+01  1.0  0.40193  0.00536  0.40029
43N-HN      499.2 5.0e-01 2.500e+01 2.6e+01  1.0  0.40389  0.00536  0.39567
43N-HN      499.2 5.0e-01 -0.000e+00 2.6e+01  1.0  0.38625  0.00536  0.38851
43N-HN      499.2 5.0e-01 -2.500e+01 2.6e+01  1.0  0.37386  0.00536  0.37772
43N-HN      499.2 5.0e-01 -5.000e+01 2.6e+01  1.0  0.37055  0.00536  0.36213
43N-HN      499.2 5.0e-01 -7.500e+01 2.6e+01  1.0  0.34340  0.00536  0.34216
43N-HN      499.2 5.0e-01 -1.000e+02 2.6e+01  1.0  0.33257  0.00536  0.32402
43N-HN      499.2 5.0e-01 -1.250e+02 2.6e+01  1.0  0.32060  0.00536  0.32056
43N-HN      499.2 5.0e-01 -1.500e+02 2.6e+01  1.0  0.33677  0.00536  0.33598
43N-HN      499.2 5.0e-01 -1.750e+02 2.6e+01  1.0  0.37224  0.00536  0.35857
43N-HN      499.2 5.0e-01 -2.000e+02 2.6e+01  1.0  0.38078  0.00536  0.37807
43N-HN      499.2 5.0e-01 -2.250e+02 2.6e+01  1.0  0.39475  0.00536  0.39215
43N-HN      499.2 5.0e-01 -2.500e+02 2.6e+01  1.0  0.40570  0.00536  0.40184
43N-HN      499.2 5.0e-01 -2.750e+02 2.6e+01  1.0  0.40699  0.00536  0.40853
43N-HN      499.2 5.0e-01 -3.000e+02 2.6e+01  1.0  0.40827  0.00536  0.41324
43N-HN      499.2 5.0e-01 -3.250e+02 2.6e+01  1.0  0.41658  0.00536  0.41665
43N-HN      499.2 5.0e-01 -3.500e+02 2.6e+01  1.0  0.42792  0.00536  0.41919
43N-HN      499.2 5.0e-01 -3.750e+02 2.6e+01  1.0  0.42517  0.00536  0.42112
43N-HN      499.2 5.0e-01 -4.000e+02 2.6e+01  1.0  0.42119  0.00536  0.42262
43N-HN      499.2 5.0e-01 -4.250e+02 2.6e+01  1.0  0.42262  0.00536  0.42382
43N-HN      499.2 5.0e-01 -4.500e+02 2.6e+01  1.0  0.42388  0.00536  0.42478
43N-HN      499.2 5.0e-01 -4.750e+02 2.6e+01  1.0  0.42022  0.00536  0.42557
43N-HN      499.2 5.0e-01 -5.000e+02 2.6e+01  1.0  0.43036  0.00536  0.42623
43N-HN      499.2 5.0e-01 -5.250e+02 2.6e+01  1.0  0.42892  0.00536  0.42679
43N-HN      499.2 5.0e-01 -5.500e+02 2.6e+01  1.0  0.42644  0.00536  0.42726
43N-HN      499.2 5.0e-01 -5.750e+02 2.6e+01  1.0  0.42048  0.00536  0.42767
43N-HN      499.2 5.0e-01 -6.000e+02 2.6e+01  1.0  0.43432  0.00536  0.42802
43N-HN      499.2 5.0e-01 -6.250e+02 2.6e+01  1.0  0.43105  0.00536  0.42833
43N-HN      499.2 5.0e-01 -6.500e+02 2.6e+01  1.0  0.43160  0.00536  0.42860
43N-HN      499.2 5.0e-01 -6.750e+02 2.6e+01  1.0  0.42919  0.00536  0.42884
43N-HN      499.2 5.0e-01 -7.000e+02 2.6e+01  1.0  0.42292  0.00536  0.42905
43N-HN      499.2 5.0e-01 -7.250e+02 2.6e+01  1.0  0.42871  0.00536  0.42924
43N-HN      499.2 5.0e-01 -7.500e+02 2.6e+01  1.0  0.42858  0.00536  0.42942
50N-HN      499.2 5.0e-01 1.000e+04 2.6e+01  1.0  1.00000  0.00337  1.00003
50N-HN      499.2 5.0e-01 7.500e+02 2.6e+01  1.0  0.38205  0.00337  0.37491
50N-HN      499.2 5.0e-01 7.250e+02 2.6e+01  1.0  0.35984  0.00337  0.35853
50N-HN      499.2 5.0e-01 7.000e+02 2.6e+01  1.0  0.33285  0.00337  0.33416
50N-HN      499.2 5.0e-01 6.750e+02 2.6e+01  1.0  0.29880  0.00337  0.29651
50N-HN      499.2 5.0e-01 6.500e+02 2.6e+01  1.0  0.24096  0.00337  0.23655
50N-HN      499.2 5.0e-01 6.250e+02 2.6e+01  1.0  0.14796  0.00337  0.14388
50N-HN      499.2 5.0e-01 6.000e+02 2.6e+01  1.0  0.03805  0.00337  0.03694
50N-HN      499.2 5.0e-01 5.750e+02 2.6e+01  1.0 -0.00133  0.00337  0.00046
50N-HN      499.2 5.0e-01 5.500e+02 2.6e+01  1.0  0.00173  0.00337  0.00069
50N-HN      499.2 5.0e-01 5.250e+02 2.6e+01  1.0  0.03993  0.00337  0.04175
50N-HN      499.2 5.0e-01 5.000e+02 2.6e+01  1.0  0.14376  0.00337  0.14615
50N-HN      499.2 5.0e-01 4.750e+02 2.6e+01  1.0  0.22864  0.00337  0.23392
50N-HN      499.2 5.0e-01 4.500e+02 2.6e+01  1.0  0.28726  0.00337  0.29081
50N-HN      499.2 5.0e-01 4.250e+02 2.6e+01  1.0  0.32667  0.00337  0.32663
50N-HN      499.2 5.0e-01 4.000e+02 2.6e+01  1.0  0.34433  0.00337  0.34965
50N-HN      499.2 5.0e-01 3.750e+02 2.6e+01  1.0  0.36233  0.00337  0.36474
50N-HN      499.2 5.0e-01 3.500e+02 2.6e+01  1.0  0.37259  0.00337  0.37464
50N-HN      499.2 5.0e-01 3.250e+02 2.6e+01  1.0  0.37487  0.00337  0.38084
50N-HN      499.2 5.0e-01 3.000e+02 2.6e+01  1.0  0.38320  0.00337  0.38396
50N-HN      499.2 5.0e-01 2.750e+02 2.6e+01  1.0  0.37838  0.00337  0.38402
50N-HN      499.2 5.0e-01 2.500e+02 2.6e+01  1.0  0.37650  0.00337  0.38014
50N-HN      499.2 5.0e-01 2.250e+02 2.6e+01  1.0  0.36270  0.00337  0.37006
50N-HN      499.2 5.0e-01 2.000e+02 2.6e+01  1.0  0.34999  0.00337  0.34907
50N-HN      499.2 5.0e-01 1.750e+02 2.6e+01  1.0  0.31303  0.00337  0.31321
50N-HN      499.2 5.0e-01 1.500e+02 2.6e+01  1.0  0.29033  0.00337  0.28850
50N-HN      499.2 5.0e-01 1.250e+02 2.6e+01  1.0  0.31799  0.00337  0.32061
50N-HN      499.2 5.0e-01 1.000e+02 2.6e+01  1.0  0.36241  0.00337  0.36351
50N-HN      499.2 5.0e-01 7.500e+01 2.6e+01  1.0  0.38900  0.00337  0.38872
50N-HN      499.2 5.0e-01 5.000e+01 2.6e+01  1.0  0.40768  0.00337  0.40213
50N-HN      499.2 5.0e-01 2.500e+01 2.6e+01  1.0  0.40987  0.00337  0.40968
50N-HN      499.2 5.0e-01 -0.000e+00 2.6e+01  1.0  0.41886  0.00337  0.41430
50N-HN      499.2 5.0e-01 -2.500e+01 2.6e+01  1.0  0.42168  0.00337  0.41733
50N-HN      499.2 5.0e-01 -5.000e+01 2.6e+01  1.0  0.42417  0.00337  0.41944
50N-HN      499.2 5.0e-01 -7.500e+01 2.6e+01  1.0  0.42824  0.00337  0.42098
50N-HN      499.2 5.0e-01 -1.000e+02 2.6e+01  1.0  0.42174  0.00337  0.42215
50N-HN      499.2 5.0e-01 -1.250e+02 2.6e+01  1.0  0.42489  0.00337  0.42307
50N-HN      499.2 5.0e-01 -1.500e+02 2.6e+01  1.0  0.42484  0.00337  0.42381
50N-HN      499.2 5.0e-01 -1.750e+02 2.6e+01  1.0  0.42426  0.00337  0.42441
50N-HN      499.2 5.0e-01 -2.000e+02 2.6e+01  1.0  0.42704  0.00337  0.42492
50N-HN      499.2 5.0e-01 -2.250e+02 2.6e+01  1.0  0.42598  0.00337  0.42535
50N-HN      499.2 5.0e-01 -2.500e+02 2.6e+01  1.0  0.42913  0.00337  0.42572
50N-HN      499.2 5.0e-01 -2.750e+02 2.6e+01  1.0  0.42103  0.00337  0.42604
50N-HN      499.2 5.0e-01 -3.000e+02 2.6e+01  1.0  0.42466  0.00337  0.42633
50N-HN      499.2 5.0e-01 -3.250e+02 2.6e+01  1.0  0.42969  0.00337  0.42658
50N-HN      499.2 5.0e-01 -3.500e+02 2.6e+01  1.0  0.42697  0.00337  0.42680
50N-HN      499.2 5.0e-01 -3.750e+02 2.6e+01  1.0  0.42665  0.00337  0.42700
50N-HN      499.2 5.0e-01 -4.000e+02 2.6e+01  1.0  0.42968  0.00337  0.42717
50N-HN      499.2 5.0e-01 -4.250e+02 2.6e+01  1.0  0.42762  0.00337  0.42734
50N-HN      499.2 5.0e-01 -4.500e+02 2.6e+01  1.0  0.42479  0.00337  0.42748
50N-HN      499.2 5.0e-01 -4.750e+02 2.6e+01  1.0  0.42515  0.00337  0.42762
50N-HN      499.2 5.0e-01 -5.000e+02 2.6e+01  1.0  0.42523  0.00337  0.42774
50N-HN      499.2 5.0e-01 -5.250e+02 2.6e+01  1.0  0.42654  0.00337  0.42785
50N-HN      499.2 5.0e-01 -5.500e+02 2.6e+01  1.0  0.42685  0.00337  0.42796
50N-HN      499.2 5.0e-01 -5.750e+02 2.6e+01  1.0  0.42618  0.00337  0.42805
50N-HN      499.2 5.0e-01 -6.000e+02 2.6e+01  1.0  0.42972  0.00337  0.42814
50N-HN      499.2 5.0e-01 -6.250e+02 2.6e+01  1.0  0.42773  0.00337  0.42822
50N-HN      499.2 5.0e-01 -6.500e+02 2.6e+01  1.0  0.42841  0.00337  0.42830
50N-HN      499.2 5.0e-01 -6.750e+02 2.6e+01  1.0  0.42852  0.00337  0.42837
50N-HN      499.2 5.0e-01 -7.000e+02 2.6e+01  1.0  0.42572  0.00337  0.42844
50N-HN      499.2 5.0e-01 -7.250e+02 2.6e+01  1.0  0.43143  0.00337  0.42850
50N-HN      499.2 5.0e-01 -7.500e+02 2.6e+01  1.0  0.42983  0.00337  0.42856
52N-HN      499.2 5.0e-01 1.000e+04 2.6e+01  1.0  1.00000  0.00617  1.00197
52N-HN      499.2 5.0e-01 7.500e+02 2.6e+01  1.0  0.42335  0.00617  0.42138
52N-HN      499.2 5.0e-01 7.250e+02 2.6e+01  1.0  0.41024  0.00617  0.41885
52N-HN      499.2 5.0e-01 7.000e+02 2.6e+01  1.0  0.41239  0.00617  0.41571
52N-HN      499.2 5.0e-01 6.750e+02 2.6e+01  1.0  0.41228  0.00617  0.41177
52N-HN      499.2 5.0e-01 6.500e+02 2.6e+01  1.0  0.41024  0.00617  0.40670
52N-HN      499.2 5.0e-01 6.250e+02 2.6e+01  1.0  0.39772  0.00617  0.40009
52N-HN      499.2 5.0e-01 6.000e+02 2.6e+01  1.0  0.39520  0.00617  0.39122
52N-HN      499.2 5.0e-01 5.750e+02 2.6e+01  1.0  0.38541  0.00617  0.37901
52N-HN      499.2 5.0e-01 5.500e+02 2.6e+01  1.0  0.36462  0.00617  0.36167
52N-HN      499.2 5.0e-01 5.250e+02 2.6e+01  1.0  0.34286  0.00617  0.33610
52N-HN      499.2 5.0e-01 5.000e+02 2.6e+01  1.0  0.30009  0.00617  0.29704
52N-HN      499.2 5.0e-01 4.750e+02 2.6e+01  1.0  0.24016  0.00617  0.23586
52N-HN      499.2 5.0e-01 4.500e+02 2.6e+01  1.0  0.14456  0.00617  0.14330
52N-HN      499.2 5.0e-01 4.250e+02 2.6e+01  1.0  0.03856  0.00617  0.03797
52N-HN      499.2 5.0e-01 4.000e+02 2.6e+01  1.0  0.00043  0.00617  0.00048
52N-HN      499.2 5.0e-01 3.750e+02 2.6e+01  1.0 -0.00066  0.00617  0.00023
52N-HN      499.2 5.0e-01 3.500e+02 2.6e+01  1.0  0.02503  0.00617  0.02801
52N-HN      499.2 5.0e-01 3.250e+02 2.6e+01  1.0  0.11755  0.00617  0.12636
52N-HN      499.2 5.0e-01 3.000e+02 2.6e+01  1.0  0.21928  0.00617  0.21996
52N-HN      499.2 5.0e-01 2.750e+02 2.6e+01  1.0  0.28255  0.00617  0.28326
52N-HN      499.2 5.0e-01 2.500e+02 2.6e+01  1.0  0.33088  0.00617  0.32386
52N-HN      499.2 5.0e-01 2.250e+02 2.6e+01  1.0  0.34415  0.00617  0.35029
52N-HN      499.2 5.0e-01 2.000e+02 2.6e+01  1.0  0.37438  0.00617  0.36794
52N-HN      499.2 5.0e-01 1.750e+02 2.6e+01  1.0  0.38526  0.00617  0.37991
52N-HN      499.2 5.0e-01 1.500e+02 2.6e+01  1.0  0.38824  0.00617  0.38799
52N-HN      499.2 5.0e-01 1.250e+02 2.6e+01  1.0  0.38981  0.00617  0.39311
52N-HN      499.2 5.0e-01 1.000e+02 2.6e+01  1.0  0.39208  0.00617  0.39562
52N-HN      499.2 5.0e-01 7.500e+01 2.6e+01  1.0  0.39079  0.00617  0.39524
52N-HN      499.2 5.0e-01 5.000e+01 2.6e+01  1.0  0.38845  0.00617  0.39070
52N-HN      499.2 5.0e-01 2.500e+01 2.6e+01  1.0  0.37136  0.00617  0.37850
52N-HN      499.2 5.0e-01 -0.000e+00 2.6e+01  1.0  0.34591  0.00617  0.35011
52N-HN      499.2 5.0e-01 -2.500e+01 2.6e+01  1.0  0.29727  0.00617  0.29956
52N-HN      499.2 5.0e-01 -5.000e+01 2.6e+01  1.0  0.29997  0.00617  0.29931
52N-HN      499.2 5.0e-01 -7.500e+01 2.6e+01  1.0  0.36986  0.00617  0.36062
52N-HN      499.2 5.0e-01 -1.000e+02 2.6e+01  1.0  0.39835  0.00617  0.39606
52N-HN      499.2 5.0e-01 -1.250e+02 2.6e+01  1.0  0.41286  0.00617  0.41195
52N-HN      499.2 5.0e-01 -1.500e+02 2.6e+01  1.0  0.42717  0.00617  0.41982
52N-HN      499.2 5.0e-01 -1.750e+02 2.6e+01  1.0  0.42090  0.00617  0.42423
52N-HN      499.2 5.0e-01 -2.000e+02 2.6e+01  1.0  0.43157  0.00617  0.42698
52N-HN      499.2 5.0e-01 -2.250e+02 2.6e+01  1.0  0.43082  0.00617  0.42884
52N-HN      499.2 5.0e-01 -2.500e+02 2.6e+01  1.0  0.43967  0.00617  0.43017
52N-HN      499.2 5.0e-01 -2.750e+02 2.6e+01  1.0  0.42991  0.00617  0.43118
52N-HN      499.2 5.0e-01 -3.000e+02 2.6e+01  1.0  0.43251  0.00617  0.43197
52N-HN      499.2 5.0e-01 -3.250e+02 2.6e+01  1.0  0.42812  0.00617  0.43261
52N-HN      499.2 5.0e-01 -3.500e+02 2.6e+01  1.0  0.43385  0.00617  0.43313
52N-HN      499.2 5.0e-01 -3.750e+02 2.6e+01  1.0  0.43293  0.00617  0.43358
52N-HN      499.2 5.0e-01 -4.000e+02 2.6e+01  1.0  0.43173  0.00617  0.43396
52N-HN      499.2 5.0e-01 -4.250e+02 2.6e+01  1.0  0.43002  0.00617  0.43429
52N-HN      499.2 5.0e-01 -4.500e+02 2.6e+01  1.0  0.43609  0.00617  0.43457
52N-HN      499.2 5.0e-01 -4.750e+02 2.6e+01  1.0  0.44180  0.00617  0.43483
52N-HN      499.2 5.0e-01 -5.000e+02 2.6e+01  1.0  0.43781  0.00617  0.43506
52N-HN      499.2 5.0e-01 -5.250e+02 2.6e+01  1.0  0.43779  0.00617  0.43526
52N-HN      499.2 5.0e-01 -5.500e+02 2.6e+01  1.0  0.43098  0.00617  0.43544
52N-HN      499.2 5.0e-01 -5.750e+02 2.6e+01  1.0  0.43450  0.00617  0.43561
52N-HN      499.2 5.0e-01 -6.000e+02 2.6e+01  1.0  0.43966  0.00617  0.43576
52N-HN      499.2 5.0e-01 -6.250e+02 2.6e+01  1.0  0.42516  0.00617  0.43590
52N-HN      499.2 5.0e-01 -6.500e+02 2.6e+01  1.0  0.44393  0.00617  0.43602
52N-HN      499.2 5.0e-01 -6.750e+02 2.6e+01  1.0  0.41729  0.00617  0.43614
52N-HN      499.2 5.0e-01 -7.000e+02 2.6e+01  1.0  0.43797  0.00617  0.43625
52N-HN      499.2 5.0e-01 -7.250e+02 2.6e+01  1.0  0.43853  0.00617  0.43635
52N-HN      499.2 5.0e-01 -7.500e+02 2.6e+01  1.0  0.43017  0.00617  0.43644
55N-HN      499.2 5.0e-01 1.000e+04 2.6e+01  1.0  1.00000  0.00388  1.00090
55N-HN      499.2 5.0e-01 7.500e+02 2.6e+01  1.0  0.42954  0.00388  0.42347
55N-HN      499.2 5.0e-01 7.250e+02 2.6e+01  1.0  0.42822  0.00388  0.42340
55N-HN      499.2 5.0e-01 7.000e+02 2.6e+01  1.0  0.42207  0.00388  0.42334
55N-HN      499.2 5.0e-01 6.750e+02 2.6e+01  1.0  0.42511  0.00388  0.42327
55N-HN      499.2 5.0e-01 6.500e+02 2.6e+01  1.0  0.42280  0.00388  0.42319
55N-HN      499.2 5.0e-01 6.250e+02 2.6e+01  1.0  0.42416  0.00388  0.42311
55N-HN      499.2 5.0e-01 6.000e+02 2.6e+01  1.0  0.41854  0.00388  0.42303
55N-HN      499.2 5.0e-01 5.750e+02 2.6e+01  1.0  0.41123  0.00388  0.42293
55N-HN      499.2 5.0e-01 5.500e+02 2.6e+01  1.0  0.41462  0.00388  0.42283
55N-HN      499.2 5.0e-01 5.250e+02 2.6e+01  1.0  0.42113  0.00388  0.42272
55N-HN      499.2 5.0e-01 5.000e+02 2.6e+01  1.0  0.42364  0.00388  0.42261
55N-HN      499.2 5.0e-01 4.750e+02 2.6e+01  1.0  0.41808  0.00388  0.42248
55N-HN      499.2 5.0e-01 4.500e+02 2.6e+01  1.0  0.42419  0.00388  0.42234
55N-HN      499.2 5.0e-01 4.250e+02 2.6e+01  1.0  0.43179  0.00388  0.42218
55N-HN      499.2 5.0e-01 4.000e+02 2.6e+01  1.0  0.42640  0.00388  0.42201
55N-HN      499.2 5.0e-01 3.750e+02 2.6e+01  1.0  0.42338  0.00388  0.42183
55N-HN      499.2 5.0e-01 3.500e+02 2.6e+01  1.0  0.42272  0.00388  0.42162
55N-HN      499.2 5.0e-01 3.250e+02 2.6e+01  1.0  0.42719  0.00388  0.42139
55N-HN      499.2 5.0e-01 3.000e+02 2.6e+01  1.0  0.41719  0.00388  0.42114
55N-HN      499.2 5.0e-01 2.750e+02 2.6e+01  1.0  0.42200  0.00388  0.42085
55N-HN      499.2 5.0e-01 2.500e+02 2.6e+01  1.0  0.42219  0.00388  0.42052
55N-HN      499.2 5.0e-01 2.250e+02 2.6e+01  1.0  0.41747  0.00388  0.42015
55N-HN      499.2 5.0e-01 2.000e+02 2.6e+01  1.0  0.42598  0.00388  0.41973
55N-HN      499.2 5.0e-01 1.750e+02 2.6e+01  1.0  0.41779  0.00388  0.41923
55N-HN      499.2 5.0e-01 1.500e+02 2.6e+01  1.0  0.41637  0.00388  0.41865
55N-HN      499.2 5.0e-01 1.250e+02 2.6e+01  1.0  0.42030  0.00388  0.41795
55N-HN      499.2 5.0e-01 1.000e+02 2.6e+01  1.0  0.41776  0.00388  0.41711
55N-HN      499.2 5.0e-01 7.500e+01 2.6e+01  1.0  0.41612  0.00388  0.41605
55N-HN      499.2 5.0e-01 5.000e+01 2.6e+01  1.0  0.41373  0.00388  0.41471
55N-HN      499.2 5.0e-01 2.500e+01 2.6e+01  1.0  0.40838  0.00388  0.41290
55N-HN      499.2 5.0e-01 -0.000e+00 2.6e+01  1.0  0.40908  0.00388  0.41037
55N-HN      499.2 5.0e-01 -2.500e+01 2.6e+01  1.0  0.40532  0.00388  0.40656
55N-HN      499.2 5.0e-01 -5.000e+01 2.6e+01  1.0  0.40128  0.00388  0.40030
55N-HN      499.2 5.0e-01 -7.500e+01 2.6e+01  1.0  0.38486  0.00388  0.38877
55N-HN      499.2 5.0e-01 -1.000e+02 2.6e+01  1.0  0.36292  0.00388  0.36488
55N-HN      499.2 5.0e-01 -1.250e+02 2.6e+01  1.0  0.31785  0.00388  0.31595
55N-HN      499.2 5.0e-01 -1.500e+02 2.6e+01  1.0  0.26924  0.00388  0.27366
55N-HN      499.2 5.0e-01 -1.750e+02 2.6e+01  1.0  0.30737  0.00388  0.30694
55N-HN      499.2 5.0e-01 -2.000e+02 2.6e+01  1.0  0.34447  0.00388  0.34211
55N-HN      499.2 5.0e-01 -2.250e+02 2.6e+01  1.0  0.35475  0.00388  0.35724
55N-HN      499.2 5.0e-01 -2.500e+02 2.6e+01  1.0  0.35706  0.00388  0.36059
55N-HN      499.2 5.0e-01 -2.750e+02 2.6e+01  1.0  0.35975  0.00388  0.35666
55N-HN      499.2 5.0e-01 -3.000e+02 2.6e+01  1.0  0.35112  0.00388  0.34634
55N-HN      499.2 5.0e-01 -3.250e+02 2.6e+01  1.0  0.32436  0.00388  0.32835
55N-HN      499.2 5.0e-01 -3.500e+02 2.6e+01  1.0  0.29868  0.00388  0.29920
55N-HN      499.2 5.0e-01 -3.750e+02 2.6e+01  1.0  0.25137  0.00388  0.25211
55N-HN      499.2 5.0e-01 -4.000e+02 2.6e+01  1.0  0.17636  0.00388  0.17705
55N-HN      499.2 5.0e-01 -4.250e+02 2.6e+01  1.0  0.06489  0.00388  0.07379
55N-HN      499.2 5.0e-01 -4.500e+02 2.6e+01  1.0  0.00284  0.00388  0.00477
55N-HN      499.2 5.0e-01 -4.750e+02 2.6e+01  1.0 -0.00179  0.00388  0.00002
55N-HN      499.2 5.0e-01 -5.000e+02 2.6e+01  1.0  0.02263  0.00388  0.01595
55N-HN      499.2 5.0e-01 -5.250e+02 2.6e+01  1.0  0.11857  0.00388  0.11054
55N-HN      499.2 5.0e-01 -5.500e+02 2.6e+01  1.0  0.21252  0.00388  0.21213
55N-HN      499.2 5.0e-01 -5.750e+02 2.6e+01  1.0  0.28577  0.00388  0.28018
55N-HN      499.2 5.0e-01 -6.000e+02 2.6e+01  1.0  0.31972  0.00388  0.32259
55N-HN      499.2 5.0e-01 -6.250e+02 2.6e+01  1.0  0.34993  0.00388  0.34963
55N-HN      499.2 5.0e-01 -6.500e+02 2.6e+01  1.0  0.37058  0.00388  0.36752
55N-HN      499.2 5.0e-01 -6.750e+02 2.6e+01  1.0  0.38303  0.00388  0.37986
55N-HN      499.2 5.0e-01 -7.000e+02 2.6e+01  1.0  0.38804  0.00388  0.38870
55N-HN      499.2 5.0e-01 -7.250e+02 2.6e+01  1.0  0.39462  0.00388  0.39518
55N-HN      499.2 5.0e-01 -7.500e+02 2.6e+01  1.0  0.40058  0.00388  0.40011
59N-HN      499.2 5.0e-01 1.000e+04 2.6e+01  1.0  1.00000  0.00371  1.00118
59N-HN      499.2 5.0e-01 7.500e+02 2.6e+01  1.0  0.42643  0.00371  0.42681
59N-HN      499.2 5.0e-01 7.250e+02 2.6e+01  1.0  0.42695  0.00371  0.42633
59N-HN      499.2 5.0e-01 7.000e+02 2.6e+01  1.0  0.42879  0.00371  0.42579
59N-HN      499.2 5.0e-01 6.750e+02 2.6e+01  1.0  0.42733  0.00371  0.42518
59N-HN      499.2 5.0e-01 6.500e+02 2.6e+01  1.0  0.42143  0.00371  0.42448
59N-HN      499.2 5.0e-01 6.250e+02 2.6e+01  1.0  0.42540  0.00371  0.42367
59N-HN      499.2 5.0e-01 6.000e+02 2.6e+01  1.0  0.42524  0.00371  0.42272
59N-HN      499.2 5.0e-01 5.750e+02 2.6e+01  1.0  0.41939  0.00371  0.42162
59N-HN      499.2 5.0e-01 5.500e+02 2.6e+01  1.0  0.41278  0.00371  0.42031
59N-HN      499.2 5.0e-01 5.250e+02 2.6e+01  1.0  0.41883  0.00371  0.41876
59N-HN      499.2 5.0e-01 5.000e+02 2.6e+01  1.0  0.41424  0.00371  0.41689
59N-HN      499.2 5.0e-01 4.750e+02 2.6e+01  1.0  0.41429  0.00371  0.41461
59N-HN      499.2 5.0e-01 4.500e+02 2.6e+01  1.0  0.41120  0.00371  0.41179
59N-HN      499.2 5.0e-01 4.250e+02 2.6e+01  1.0  0.40753  0.00371  0.40825
59N-HN      499.2 5.0e-01 4.000e+02 2.6e+01  1.0  0.40486  0.00371  0.40374
59N-HN      499.2 5.0e-01 3.750e+02 2.6e+01  1.0  0.40141  0.00371  0.39784
59N-HN      499.2 5.0e-01 3.500e+02 2.6e+01  1.0  0.39264  0.00371  0.38999
59N-HN      499.2 5.0e-01 3.250e+02 2.6e+01  1.0  0.37809  0.00371  0.37920
59N-HN      499.2 5.0e-01 3.000e+02 2.6e+01  1.0  0.36587  0.00371  0.36394
59N-HN      499.2 5.0e-01 2.750e+02 2.6e+01  1.0  0.34096  0.00371  0.34155
59N-HN      499.2 5.0e-01 2.500e+02 2.6e+01  1.0  0.30928  0.00371  0.30735
59N-HN      499.2 5.0e-01 2.250e+02 2.6e+01  1.0  0.25783  0.00371  0.25344
59N-HN      499.2 5.0e-01 2.000e+02 2.6e+01  1.0  0.16938  0.00371  0.16914
59N-HN      499.2 5.0e-01 1.750e+02 2.6e+01  1.0  0.06075  0.00371  0.06015
59N-HN      499.2 5.0e-01 1.500e+02 2.6e+01  1.0 -0.00254  0.00371  0.00214
59N-HN      499.2 5.0e-01 1.250e+02 2.6e+01  1.0 -0.00125  0.00371  0.00016
59N-HN      499.2 5.0e-01 1.000e+02 2.6e+01  1.0  0.01675  0.00371  0.01870
59N-HN      499.2 5.0e-01 7.500e+01 2.6e+01  1.0  0.10394  0.00371  0.11079
59N-HN      499.2 5.0e-01 5.000e+01 2.6e+01  1.0  0.20632  0.00371  0.20676
59N-HN      499.2 5.0e-01 2.500e+01 2.6e+01  1.0  0.27161  0.00371  0.27187
59N-HN      499.2 5.0e-01 -0.000e+00 2.6e+01  1.0  0.31423  0.00371  0.31268
59N-HN      499.2 5.0e-01 -2.500e+01 2.6e+01  1.0  0.33347  0.00371  0.33804
59N-HN      499.2 5.0e-01 -5.000e+01 2.6e+01  1.0  0.34744  0.00371  0.35338
59N-HN      499.2 5.0e-01 -7.500e+01 2.6e+01  1.0  0.35641  0.00371  0.36122
59N-HN      499.2 5.0e-01 -1.000e+02 2.6e+01  1.0  0.34965  0.00371  0.36178
59N-HN      499.2 5.0e-01 -1.250e+02 2.6e+01  1.0  0.35239  0.00371  0.35235
59N-HN      499.2 5.0e-01 -1.500e+02 2.6e+01  1.0  0.32691  0.00371  0.32567
59N-HN      499.2 5.0e-01 -1.750e+02 2.6e+01  1.0  0.28556  0.00371  0.28387
59N-HN      499.2 5.0e-01 -2.000e+02 2.6e+01  1.0  0.30403  0.00371  0.29758
59N-HN      499.2 5.0e-01 -2.250e+02 2.6e+01  1.0  0.35958  0.00371  0.35413
59N-HN      499.2 5.0e-01 -2.500e+02 2.6e+01  1.0  0.39359  0.00371  0.38678
59N-HN      499.2 5.0e-01 -2.750e+02 2.6e+01  1.0  0.39659  0.00371  0.40235
59N-HN      499.2 5.0e-01 -3.000e+02 2.6e+01  1.0  0.41372  0.00371  0.41051
59N-HN      499.2 5.0e-01 -3.250e+02 2.6e+01  1.0  0.41953  0.00371  0.41532
59N-HN      499.2 5.0e-01 -3.500e+02 2.6e+01  1.0  0.41895  0.00371  0.41845
59N-HN      499.2 5.0e-01 -3.750e+02 2.6e+01  1.0  0.42089  0.00371  0.42064
59N-HN      499.2 5.0e-01 -4.000e+02 2.6e+01  1.0  0.42110  0.00371  0.42226
59N-HN      499.2 5.0e-01 -4.250e+02 2.6e+01  1.0  0.42774  0.00371  0.42351
59N-HN      499.2 5.0e-01 -4.500e+02 2.6e+01  1.0  0.42290  0.00371  0.42450
59N-HN      499.2 5.0e-01 -4.750e+02 2.6e+01  1.0  0.42490  0.00371  0.42531
59N-HN      499.2 5.0e-01 -5.000e+02 2.6e+01  1.0  0.42454  0.00371  0.42599
59N-HN      499.2 5.0e-01 -5.250e+02 2.6e+01  1.0  0.42457  0.00371  0.42657
59N-HN      499.2 5.0e-01 -5.500e+02 2.6e+01  1.0  0.42644  0.00371  0.42706
59N-HN      499.2 5.0e-01 -5.750e+02 2.6e+01  1.0  0.42449  0.00371  0.42749
59N-HN      499.2 5.0e-01 -6.000e+02 2.6e+01  1.0  0.42306  0.00371  0.42786
59N-HN      499.2 5.0e-01 -6.250e+02 2.6e+01  1.0  0.43291  0.00371  0.42819
59N-HN      499.2 5.0e-01 -6.500e+02 2.6e+01  1.0  0.42921  0.00371  0.42848
59N-HN      499.2 5.0e-01 -6.750e+02 2.6e+01  1.0  0.42800  0.00371  0.42874
59N-HN      499.2 5.0e-01 -7.000e+02 2.6e+01  1.0  0.42784  0.00371  0.42898
59N-HN      499.2 5.0e-01 -7.250e+02 2.6e+01  1.0  0.43236  0.00371  0.42919
59N-HN      499.2 5.0e-01 -7.500e+02 2.6e+01  1.0  0.43635  0.00371  0.42938
66N-HN      499.2 5.0e-01 1.000e+04 2.6e+01  1.0  1.00000  0.00329  0.99904
66N-HN      499.2 5.0e-01 7.500e+02 2.6e+01  1.0  0.42210  0.00329  0.42174
66N-HN      499.2 5.0e-01 7.250e+02 2.6e+01  1.0  0.42019  0.00329  0.42151
66N-HN      499.2 5.0e-01 7.000e+02 2.6e+01  1.0  0.41362  0.00329  0.42125
66N-HN      499.2 5.0e-01 6.750e+02 2.6e+01  1.0  0.41674  0.00329  0.42097
66N-HN      499.2 5.0e-01 6.500e+02 2.6e+01  1.0  0.41756  0.00329  0.42065
66N-HN      499.2 5.0e-01 6.250e+02 2.6e+01  1.0  0.41916  0.00329  0.42030
66N-HN      499.2 5.0e-01 6.000e+02 2.6e+01  1.0  0.42335  0.00329  0.41990
66N-HN      499.2 5.0e-01 5.750e+02 2.6e+01  1.0  0.42112  0.00329  0.41946
66N-HN      499.2 5.0e-01 5.500e+02 2.6e+01  1.0  0.41751  0.00329  0.41895
66N-HN      499.2 5.0e-01 5.250e+02 2.6e+01  1.0  0.41797  0.00329  0.41838
66N-HN      499.2 5.0e-01 5.000e+02 2.6e+01  1.0  0.42173  0.00329  0.41772
66N-HN      499.2 5.0e-01 4.750e+02 2.6e+01  1.0  0.41412  0.00329  0.41697
66N-HN      499.2 5.0e-01 4.500e+02 2.6e+01  1.0  0.41909  0.00329  0.41608
66N-HN      499.2 5.0e-01 4.250e+02 2.6e+01  1.0  0.41657  0.00329  0.41506
66N-HN      499.2 5.0e-01 4.000e+02 2.6e+01  1.0  0.41455  0.00329  0.41385
66N-HN      499.2 5.0e-01 3.750e+02 2.6e+01  1.0  0.41052  0.00329  0.41241
66N-HN      499.2 5.0e-01 3.500e+02 2.6e+01  1.0  0.41184  0.00329  0.41068
66N-HN      499.2 5.0e-01 3.250e+02 2.6e+01  1.0  0.40984  0.00329  0.40858
66N-HN      499.2 5.0e-01 3.000e+02 2.6e+01  1.0  0.40285  0.00329  0.40598
66N-HN      499.2 5.0e-01 2.750e+02 2.6e+01  1.0  0.40753  0.00329  0.40273
66N-HN      499.2 5.0e-01 2.500e+02 2.6e+01  1.0  0.39630  0.00329  0.39861
66N-HN      499.2 5.0e-01 2.250e+02 2.6e+01  1.0  0.39262  0.00329  0.39323
66N-HN      499.2 5.0e-01 2.000e+02 2.6e+01  1.0  0.38419  0.00329  0.38611
66N-HN      499.2 5.0e-01 1.750e+02 2.6e+01  1.0  0.37400  0.00329  0.37636
66N-HN      499.2 5.0e-01 1.500e+02 2.6e+01  1.0  0.36464  0.00329  0.36264
66N-HN      499.2 5.0e-01 1.250e+02 2.6e+01  1.0  0.34209  0.00329  0.34259
66N-HN      499.2 5.0e-01 1.000e+02 2.6e+01  1.0  0.30831  0.00329  0.31206
66N-HN      499.2 5.0e-01 7.500e+01 2.6e+01  1.0  0.26317  0.00329  0.26389
66N-HN      499.2 5.0e-01 5.000e+01 2.6e+01  1.0  0.18767  0.00329  0.18724
66N-HN      499.2 5.0e-01 2.500e+01 2.6e+01  1.0  0.07890  0.00329  0.08021
66N-HN      499.2 5.0e-01 -0.000e+00 2.6e+01  1.0  0.00402  0.00329  0.00555
66N-HN      499.2 5.0e-01 -2.500e+01 2.6e+01  1.0  0.00122  0.00329 -0.00002
66N-HN      499.2 5.0e-01 -5.000e+01 2.6e+01  1.0  0.01099  0.00329  0.01167
66N-HN      499.2 5.0e-01 -7.500e+01 2.6e+01  1.0  0.09518  0.00329  0.09340
66N-HN      499.2 5.0e-01 -1.000e+02 2.6e+01  1.0  0.18919  0.00329  0.18748
66N-HN      499.2 5.0e-01 -1.250e+02 2.6e+01  1.0  0.24815  0.00329  0.24988
66N-HN      499.2 5.0e-01 -1.500e+02 2.6e+01  1.0  0.28531  0.00329  0.28382
66N-HN      499.2 5.0e-01 -1.750e+02 2.6e+01  1.0  0.29479  0.00329  0.29484
66N-HN      499.2 5.0e-01 -2.000e+02 2.6e+01  1.0  0.28018  0.00329  0.28255
66N-HN      499.2 5.0e-01 -2.250e+02 2.6e+01  1.0  0.26005  0.00329  0.25922
66N-HN      499.2 5.0e-01 -2.500e+02 2.6e+01  1.0  0.29050  0.00329  0.28759
66N-HN      499.2 5.0e-01 -2.750e+02 2.6e+01  1.0  0.33804  0.00329  0.34092
66N-HN      499.2 5.0e-01 -3.000e+02 2.6e+01  1.0  0.37667  0.00329  0.37187
66N-HN      499.2 5.0e-01 -3.250e+02 2.6e+01  1.0  0.38898  0.00329  0.38785
66N-HN      499.2 5.0e-01 -3.500e+02 2.6e+01  1.0  0.39798  0.00329  0.39693
66N-HN      499.2 5.0e-01 -3.750e+02 2.6e+01  1.0  0.40078  0.00329  0.40268
66N-HN      499.2 5.0e-01 -4.000e+02 2.6e+01  1.0  0.40491  0.00329  0.40662
66N-HN      499.2 5.0e-01 -4.250e+02 2.6e+01  1.0  0.40737  0.00329  0.40949
66N-HN      499.2 5.0e-01 -4.500e+02 2.6e+01  1.0  0.40955  0.00329  0.41168
66N-HN      499.2 5.0e-01 -4.750e+02 2.6e+01  1.0  0.42118  0.00329  0.41340
66N-HN      499.2 5.0e-01 -5.000e+02 2.6e+01  1.0  0.41523  0.00329  0.41478
66N-HN      499.2 5.0e-01 -5.250e+02 2.6e+01  1.0  0.41687  0.00329  0.41592
66N-HN      499.2 5.0e-01 -5.500e+02 2.6e+01  1.0  0.41960  0.00329  0.41688
66N-HN      499.2 5.0e-01 -5.750e+02 2.6e+01  1.0  0.41880  0.00329  0.41768
66N-HN      499.2 5.0e-01 -6.000e+02 2.6e+01  1.0  0.41238  0.00329  0.41837
66N-HN      499.2 5.0e-01 -6.250e+02 2.6e+01  1.0  0.41737  0.00329  0.41896
66N-HN      499.2 5.0e-01 -6.500e+02 2.6e+01  1.0  0.41929  0.00329  0.41949
66N-HN      499.2 5.0e-01 -6.750e+02 2.6e+01  1.0  0.42071  0.00329  0.41994
66N-HN      499.2 5.0e-01 -7.000e+02 2.6e+01  1.0  0.42475  0.00329  0.42034
66N-HN      499.2 5.0e-01 -7.250e+02 2.6e+01  1.0  0.42600  0.00329  0.42070
66N-HN      499.2 5.0e-01 -7.500e+02 2.6e+01  1.0  0.41890  0.00329  0.42101
67N-HN      499.2 5.0e-01 1.000e+04 2.6e+01  1.0  1.00000  0.00315  0.99957
67N-HN      499.2 5.0e-01 7.500e+02 2.6e+01  1.0  0.43769  0.00315  0.43693
67N-HN      499.2 5.0e-01 7.250e+02 2.6e+01  1.0  0.43453  0.00315  0.43613
67N-HN      499.2 5.0e-01 7.000e+02 2.6e+01  1.0  0.43192  0.00315  0.43520
67N-HN      499.2 5.0e-01 6.750e+02 2.6e+01  1.0  0.43300  0.00315  0.43411
67N-HN      499.2 5.0e-01 6.500e+02 2.6e+01  1.0  0.42680  0.00315  0.43283
67N-HN      499.2 5.0e-01 6.250e+02 2.6e+01  1.0  0.42908  0.00315  0.43131
67N-HN      499.2 5.0e-01 6.000e+02 2.6e+01  1.0  0.43004  0.00315  0.42947
67N-HN      499.2 5.0e-01 5.750e+02 2.6e+01  1.0  0.42962  0.00315  0.42723
67N-HN      499.2 5.0e-01 5.500e+02 2.6e+01  1.0  0.42761  0.00315  0.42447
67N-HN      499.2 5.0e-01 5.250e+02 2.6e+01  1.0  0.41728  0.00315  0.42100
67N-HN      499.2 5.0e-01 5.000e+02 2.6e+01  1.0  0.41599  0.00315  0.41660
67N-HN      499.2 5.0e-01 4.750e+02 2.6e+01  1.0  0.41011  0.00315  0.41084
67N-HN      499.2 5.0e-01 4.500e+02 2.6e+01  1.0  0.40467  0.00315  0.40320
67N-HN      499.2 5.0e-01 4.250e+02 2.6e+01  1.0  0.39282  0.00315  0.39271
67N-HN      499.2 5.0e-01 4.000e+02 2.6e+01  1.0  0.37528  0.00315  0.37790
67N-HN      499.2 5.0e-01 3.750e+02 2.6e+01  1.0  0.35805  0.00315  0.35622
67N-HN      499.2 5.0e-01 3.500e+02 2.6e+01  1.0  0.32227  0.00315  0.32312
67N-HN      499.2 5.0e-01 3.250e+02 2.6e+01  1.0  0.26926  0.00315  0.27081
67N-HN      499.2 5.0e-01 3.000e+02 2.6e+01  1.0  0.18768  0.00315  0.18795
67N-HN      499.2 5.0e-01 2.750e+02 2.6e+01  1.0  0.07621  0.00315  0.07520
67N-HN      499.2 5.0e-01 2.500e+02 2.6e+01  1.0  0.00468  0.00315  0.00407
67N-HN      499.2 5.0e-01 2.250e+02 2.6e+01  1.0  0.00053  0.00315  0.00008
67N-HN      499.2 5.0e-01 2.000e+02 2.6e+01  1.0  0.01553  0.00315  0.01662
67N-HN      499.2 5.0e-01 1.750e+02 2.6e+01  1.0  0.11439  0.00315  0.11111
67N-HN      499.2 5.0e-01 1.500e+02 2.6e+01  1.0  0.21119  0.00315  0.21318
67N-HN      499.2 5.0e-01 1.250e+02 2.6e+01  1.0  0.28107  0.00315  0.28261
67N-HN      499.2 5.0e-01 1.000e+02 2.6e+01  1.0  0.31929  0.00315  0.32631
67N-HN      499.2 5.0e-01 7.500e+01 2.6e+01  1.0  0.35387  0.00315  0.35408
67N-HN      499.2 5.0e-01 5.000e+01 2.6e+01  1.0  0.36862  0.00315  0.37217
67N-HN      499.2 5.0e-01 2.500e+01 2.6e+01  1.0  0.38192  0.00315  0.38402
67N-HN      499.2 5.0e-01 -0.000e+00 2.6e+01  1.0  0.38745  0.00315  0.39151
67N-HN      499.2 5.0e-01 -2.500e+01 2.6e+01  1.0  0.39389  0.00315  0.39558
67N-HN      499.2 5.0e-01 -5.000e+01 2.6e+01  1.0  0.39133  0.00315  0.39632
67N-HN      499.2 5.0e-01 -7.500e+01 2.6e+01  1.0  0.38977  0.00315  0.39301
67N-HN      499.2 5.0e-01 -1.000e+02 2.6e+01  1.0  0.38697  0.00315  0.38339
67N-HN      499.2 5.0e-01 -1.250e+02 2.6e+01  1.0  0.36562  0.00315  0.36265
67N-HN      499.2 5.0e-01 -1.500e+02 2.6e+01  1.0  0.32823  0.00315  0.32569
67N-HN      499.2 5.0e-01 -1.750e+02 2.6e+01  1.0  0.30290  0.00315  0.29717
67N-HN      499.2 5.0e-01 -2.000e+02 2.6e+01  1.0  0.33237  0.00315  0.32957
67N-HN      499.2 5.0e-01 -2.250e+02 2.6e+01  1.0  0.37456  0.00315  0.37545
67N-HN      499.2 5.0e-01 -2.500e+02 2.6e+01  1.0  0.40601  0.00315  0.40216
67N-HN      499.2 5.0e-01 -2.750e+02 2.6e+01  1.0  0.41746  0.00315  0.41616
67N-HN      499.2 5.0e-01 -3.000e+02 2.6e+01  1.0  0.43133  0.00315  0.42398
67N-HN      499.2 5.0e-01 -3.250e+02 2.6e+01  1.0  0.43449  0.00315  0.42872
67N-HN      499.2 5.0e-01 -3.500e+02 2.6e+01  1.0  0.43316  0.00315  0.43183
67N-HN      499.2 5.0e-01 -3.750e+02 2.6e+01  1.0  0.43613  0.00315  0.43399
67N-HN      499.2 5.0e-01 -4.000e+02 2.6e+01  1.0  0.43439  0.00315  0.43557
67N-HN      499.2 5.0e-01 -4.250e+02 2.6e+01  1.0  0.43487  0.00315  0.43676
67N-HN      499.2 5.0e-01 -4.500e+02 2.6e+01  1.0  0.43930  0.00315  0.43771
67N-HN      499.2 5.0e-01 -4.750e+02 2.6e+01  1.0  0.44009  0.00315  0.43846
67N-HN      499.2 5.0e-01 -5.000e+02 2.6e+01  1.0  0.43731  0.00315  0.43908
67N-HN      499.2 5.0e-01 -5.250e+02 2.6e+01  1.0  0.44223  0.00315  0.43960
67N-HN      499.2 5.0e-01 -5.500e+02 2.6e+01  1.0  0.44252  0.00315  0.44005
67N-HN      499.2 5.0e-01 -5.750e+02 2.6e+01  1.0  0.44148  0.00315  0.44043
67N-HN      499.2 5.0e-01 -6.000e+02 2.6e+01  1.0  0.44093  0.00315  0.44076
67N-HN      499.2 5.0e-01 -6.250e+02 2.6e+01  1.0  0.43913  0.00315  0.44105
67N-HN      499.2 5.0e-01 -6.500e+02 2.6e+01  1.0  0.44123  0.00315  0.44131
67N-HN      499.2 5.0e-01 -6.750e+02 2.6e+01  1.0  0.44125  0.00315  0.44154
67N-HN      499.2 5.0e-01 -7.000e+02 2.6e+01  1.0  0.44535  0.00315  0.44174
67N-HN      499.2 5.0e-01 -7.250e+02 2.6e+01  1.0  0.44174  0.00315  0.44193
67N-HN      499.2 5.0e-01 -7.500e+02 2.6e+01  1.0  0.43869  0.00315  0.44210
68N-HN      499.2 5.0e-01 1.000e+04 2.6e+01  1.0  1.00000  0.00317  1.00240
68N-HN      499.2 5.0e-01 7.500e+02 2.6e+01  1.0  0.42007  0.00317  0.42169
68N-HN      499.2 5.0e-01 7.250e+02 2.6e+01  1.0  0.41994  0.00317  0.42153
68N-HN      499.2 5.0e-01 7.000e+02 2.6e+01  1.0  0.42475  0.00317  0.42136
68N-HN      499.2 5.0e-01 6.750e+02 2.6e+01  1.0  0.42019  0.00317  0.42116
68N-HN      499.2 5.0e-01 6.500e+02 2.6e+01  1.0  0.42386  0.00317  0.42095
68N-HN      499.2 5.0e-01 6.250e+02 2.6e+01  1.0  0.42116  0.00317  0.42071
68N-HN      499.2 5.0e-01 6.000e+02 2.6e+01  1.0  0.42218  0.00317  0.42045
68N-HN      499.2 5.0e-01 5.750e+02 2.6e+01  1.0  0.42112  0.00317  0.42015
68N-HN      499.2 5.0e-01 5.500e+02 2.6e+01  1.0  0.41823  0.00317  0.41983
68N-HN      499.2 5.0e-01 5.250e+02 2.6e+01  1.0  0.41489  0.00317  0.41945
68N-HN      499.2 5.0e-01 5.000e+02 2.6e+01  1.0  0.41842  0.00317  0.41904
68N-HN      499.2 5.0e-01 4.750e+02 2.6e+01  1.0  0.41729  0.00317  0.41856
68N-HN      499.2 5.0e-01 4.500e+02 2.6e+01  1.0  0.41691  0.00317  0.41803
68N-HN      499.2 5.0e-01 4.250e+02 2.6e+01  1.0  0.41538  0.00317  0.41740
68N-HN      499.2 5.0e-01 4.000e+02 2.6e+01  1.0  0.41600  0.00317  0.41668
68N-HN      499.2 5.0e-01 3.750e+02 2.6e+01  1.0  0.41046  0.00317  0.41583
68N-HN      499.2 5.0e-01 3.500e+02 2.6e+01  1.0  0.41303  0.00317  0.41486
68N-HN      499.2 5.0e-01 3.250e+02 2.6e+01  1.0  0.41352  0.00317  0.41367
68N-HN      499.2 5.0e-01 3.000e+02 2.6e+01  1.0  0.41425  0.00317  0.41228
68N-HN      499.2 5.0e-01 2.750e+02 2.6e+01  1.0  0.41024  0.00317  0.41057
68N-HN      499.2 5.0e-01 2.500e+02 2.6e+01  1.0  0.40915  0.00317  0.40849
68N-HN      499.2 5.0e-01 2.250e+02 2.6e+01  1.0  0.40613  0.00317  0.40589
68N-HN      499.2 5.0e-01 2.000e+02 2.6e+01  1.0  0.40120  0.00317  0.40258
68N-HN      499.2 5.0e-01 1.750e+02 2.6e+01  1.0  0.40070  0.00317  0.39835
68N-HN      499.2 5.0e-01 1.500e+02 2.6e+01  1.0  0.39303  0.00317  0.39270
68N-HN      499.2 5.0e-01 1.250e+02 2.6e+01  1.0  0.37985  0.00317  0.38511
68N-HN      499.2 5.0e-01 1.000e+02 2.6e+01  1.0  0.37388  0.00317  0.37443
68N-HN      499.2 5.0e-01 7.500e+01 2.6e+01  1.0  0.35547  0.00317  0.35898
68N-HN      499.2 5.0e-01 5.000e+01 2.6e+01  1.0  0.33430  0.00317  0.33564
68N-HN      499.2 5.0e-01 2.500e+01 2.6e+01  1.0  0.30064  0.00317  0.29863
68N-HN      499.2 5.0e-01 -0.000e+00 2.6e+01  1.0  0.24047  0.00317  0.23790
68N-HN      499.2 5.0e-01 -2.500e+01 2.6e+01  1.0  0.14062  0.00317  0.14115
68N-HN      499.2 5.0e-01 -5.000e+01 2.6e+01  1.0  0.02945  0.00317  0.03101
68N-HN      499.2 5.0e-01 -7.500e+01 2.6e+01  1.0 -0.00392  0.00317  0.00036
68N-HN      499.2 5.0e-01 -1.000e+02 2.6e+01  1.0  0.00025  0.00317  0.00415
68N-HN      499.2 5.0e-01 -1.250e+02 2.6e+01  1.0  0.07307  0.00317  0.07278
68N-HN      499.2 5.0e-01 -1.500e+02 2.6e+01  1.0  0.17458  0.00317  0.17656
68N-HN      499.2 5.0e-01 -1.750e+02 2.6e+01  1.0  0.25028  0.00317  0.24859
68N-HN      499.2 5.0e-01 -2.000e+02 2.6e+01  1.0  0.28399  0.00317  0.28962
68N-HN      499.2 5.0e-01 -2.250e+02 2.6e+01  1.0  0.30510  0.00317  0.30865
68N-HN      499.2 5.0e-01 -2.500e+02 2.6e+01  1.0  0.30655  0.00317  0.30821
68N-HN      499.2 5.0e-01 -2.750e+02 2.6e+01  1.0  0.28550  0.00317  0.28571
68N-HN      499.2 5.0e-01 -3.000e+02 2.6e+01  1.0  0.26871  0.00317  0.26397
68N-HN      499.2 5.0e-01 -3.250e+02 2.6e+01  1.0  0.30643  0.00317  0.30590
68N-HN      499.2 5.0e-01 -3.500e+02 2.6e+01  1.0  0.35549  0.00317  0.35509
68N-HN      499.2 5.0e-01 -3.750e+02 2.6e+01  1.0  0.38098  0.00317  0.38068
68N-HN      499.2 5.0e-01 -4.000e+02 2.6e+01  1.0  0.39747  0.00317  0.39372
68N-HN      499.2 5.0e-01 -4.250e+02 2.6e+01  1.0  0.40751  0.00317  0.40112
68N-HN      499.2 5.0e-01 -4.500e+02 2.6e+01  1.0  0.40908  0.00317  0.40582
68N-HN      499.2 5.0e-01 -4.750e+02 2.6e+01  1.0  0.41290  0.00317  0.40903
68N-HN      499.2 5.0e-01 -5.000e+02 2.6e+01  1.0  0.41131  0.00317  0.41137
68N-HN      499.2 5.0e-01 -5.250e+02 2.6e+01  1.0  0.41677  0.00317  0.41316
68N-HN      499.2 5.0e-01 -5.500e+02 2.6e+01  1.0  0.41461  0.00317  0.41456
68N-HN      499.2 5.0e-01 -5.750e+02 2.6e+01  1.0  0.41670  0.00317  0.41569
68N-HN      499.2 5.0e-01 -6.000e+02 2.6e+01  1.0  0.41688  0.00317  0.41661
68N-HN      499.2 5.0e-01 -6.250e+02 2.6e+01  1.0  0.41745  0.00317  0.41740
68N-HN      499.2 5.0e-01 -6.500e+02 2.6e+01  1.0  0.41992  0.00317  0.41805
68N-HN      499.2 5.0e-01 -6.750e+02 2.6e+01  1.0  0.41886  0.00317  0.41862
68N-HN      499.2 5.0e-01 -7.000e+02 2.6e+01  1.0  0.42291  0.00317  0.41910
68N-HN      499.2 5.0e-01 -7.250e+02 2.6e+01  1.0  0.41815  0.00317  0.41953
68N-HN      499.2 5.0e-01 -7.500e+02 2.6e+01  1.0  0.42034  0.00317  0.41990
