3N-HN   800.0 3.0e-02    0 25.0  1.00000  0.00626    1.000
3N-HN   800.0 3.0e-02   30 25.0  0.93776  0.00617    0.936
3N-HN   800.0 3.0e-02    1 25.0  0.92635  0.00615    0.929
3N-HN   800.0 3.0e-02   27 25.0  0.93596  0.00617    0.936
3N-HN   800.0 3.0e-02    2 25.0  0.92678  0.00615    0.931
3N-HN   800.0 3.0e-02   24 25.0  0.93479  0.00617    0.936
3N-HN   800.0 3.0e-02    3 25.0  0.93613  0.00617    0.933
3N-HN   800.0 3.0e-02   21 25.0  0.94093  0.00618    0.936
3N-HN   800.0 3.0e-02    4 25.0  0.92812  0.00616    0.934
3N-HN   800.0 3.0e-02   18 25.0  0.93311  0.00616    0.936
3N-HN   800.0 3.0e-02    5 25.0  0.93896  0.00617    0.935
3N-HN   800.0 3.0e-02   15 25.0  0.93408  0.00617    0.936
3N-HN   800.0 3.0e-02    6 25.0  0.93783  0.00617    0.935
3N-HN   800.0 3.0e-02   12 25.0  0.93863  0.00617    0.936
3N-HN   800.0 3.0e-02    7 25.0  0.93182  0.00616    0.935
3N-HN   800.0 3.0e-02   10 25.0  0.93552  0.00617    0.936
3N-HN   800.0 3.0e-02    8 25.0  0.93809  0.00617    0.935
3N-HN   800.0 3.0e-02    4 25.0  0.93208  0.00616    0.934
3N-HN   800.0 3.0e-02    1 25.0  0.92967  0.00616    0.929
3N-HN   800.0 3.0e-02   27 25.0  0.93830  0.00617    0.936
5N-HN   800.0 3.0e-02    0 25.0  1.00000  0.00358    1.000
5N-HN   800.0 3.0e-02   30 25.0  0.92060  0.00351    0.923
5N-HN   800.0 3.0e-02    1 25.0  0.83429  0.00345    0.835
5N-HN   800.0 3.0e-02   27 25.0  0.92259  0.00352    0.923
5N-HN   800.0 3.0e-02    2 25.0  0.86668  0.00347    0.864
5N-HN   800.0 3.0e-02   24 25.0  0.91889  0.00351    0.923
5N-HN   800.0 3.0e-02    3 25.0  0.88503  0.00349    0.885
5N-HN   800.0 3.0e-02   21 25.0  0.92152  0.00351    0.922
5N-HN   800.0 3.0e-02    4 25.0  0.90034  0.00350    0.898
5N-HN   800.0 3.0e-02   18 25.0  0.92588  0.00352    0.922
5N-HN   800.0 3.0e-02    5 25.0  0.90722  0.00350    0.905
5N-HN   800.0 3.0e-02   15 25.0  0.92300  0.00352    0.921
5N-HN   800.0 3.0e-02    6 25.0  0.90813  0.00350    0.910
5N-HN   800.0 3.0e-02   12 25.0  0.91521  0.00351    0.920
5N-HN   800.0 3.0e-02    7 25.0  0.91228  0.00351    0.914
5N-HN   800.0 3.0e-02   10 25.0  0.92295  0.00352    0.918
5N-HN   800.0 3.0e-02    8 25.0  0.91385  0.00351    0.916
5N-HN   800.0 3.0e-02    4 25.0  0.90449  0.00350    0.898
5N-HN   800.0 3.0e-02    1 25.0  0.82902  0.00345    0.835
5N-HN   800.0 3.0e-02   27 25.0  0.92287  0.00352    0.923
8N-HN   800.0 3.0e-02    0 25.0  1.00000  0.00445    1.000
8N-HN   800.0 3.0e-02   30 25.0  0.92752  0.00437    0.926
8N-HN   800.0 3.0e-02    1 25.0  0.66155  0.00412    0.662
8N-HN   800.0 3.0e-02   27 25.0  0.91882  0.00436    0.925
8N-HN   800.0 3.0e-02    2 25.0  0.72822  0.00418    0.733
8N-HN   800.0 3.0e-02   24 25.0  0.92232  0.00436    0.924
8N-HN   800.0 3.0e-02    3 25.0  0.79418  0.00424    0.791
8N-HN   800.0 3.0e-02   21 25.0  0.92403  0.00436    0.923
8N-HN   800.0 3.0e-02    4 25.0  0.83201  0.00427    0.831
8N-HN   800.0 3.0e-02   18 25.0  0.92386  0.00436    0.921
8N-HN   800.0 3.0e-02    5 25.0  0.86286  0.00430    0.859
8N-HN   800.0 3.0e-02   15 25.0  0.92681  0.00437    0.919
8N-HN   800.0 3.0e-02    6 25.0  0.87189  0.00431    0.878
8N-HN   800.0 3.0e-02   12 25.0  0.91193  0.00435    0.913
8N-HN   800.0 3.0e-02    7 25.0  0.88587  0.00433    0.889
8N-HN   800.0 3.0e-02   10 25.0  0.91356  0.00435    0.907
8N-HN   800.0 3.0e-02    8 25.0  0.89492  0.00433    0.897
8N-HN   800.0 3.0e-02    4 25.0  0.82543  0.00427    0.831
8N-HN   800.0 3.0e-02    1 25.0  0.66671  0.00412    0.662
8N-HN   800.0 3.0e-02   27 25.0  0.92498  0.00437    0.925
10N-HN  800.0 3.0e-02    0 25.0  1.00000  0.00328    1.000
10N-HN  800.0 3.0e-02   30 25.0  0.92466  0.00328    0.930
10N-HN  800.0 3.0e-02    1 25.0  0.74980  0.00328    0.755
10N-HN  800.0 3.0e-02   27 25.0  0.92828  0.00328    0.930
10N-HN  800.0 3.0e-02    2 25.0  0.81306  0.00328    0.809
10N-HN  800.0 3.0e-02   24 25.0  0.92916  0.00328    0.929
10N-HN  800.0 3.0e-02    3 25.0  0.84997  0.00328    0.850
10N-HN  800.0 3.0e-02   21 25.0  0.92889  0.00328    0.929
10N-HN  800.0 3.0e-02    4 25.0  0.87368  0.00328    0.876
10N-HN  800.0 3.0e-02   18 25.0  0.92699  0.00328    0.928
10N-HN  800.0 3.0e-02    5 25.0  0.89892  0.00328    0.892
10N-HN  800.0 3.0e-02   15 25.0  0.92765  0.00328    0.926
10N-HN  800.0 3.0e-02    6 25.0  0.90270  0.00328    0.903
10N-HN  800.0 3.0e-02   12 25.0  0.91975  0.00328    0.924
10N-HN  800.0 3.0e-02    7 25.0  0.90535  0.00328    0.909
10N-HN  800.0 3.0e-02   10 25.0  0.92334  0.00328    0.920
10N-HN  800.0 3.0e-02    8 25.0  0.91987  0.00328    0.914
10N-HN  800.0 3.0e-02    4 25.0  0.87371  0.00328    0.876
10N-HN  800.0 3.0e-02    1 25.0  0.75668  0.00328    0.755
10N-HN  800.0 3.0e-02   27 25.0  0.93268  0.00328    0.930
11N-HN  800.0 3.0e-02    0 25.0  1.00000  0.00293    1.000
11N-HN  800.0 3.0e-02   30 25.0  0.95156  0.00290    0.949
11N-HN  800.0 3.0e-02    1 25.0  0.88932  0.00286    0.892
11N-HN  800.0 3.0e-02   27 25.0  0.94817  0.00290    0.949
11N-HN  800.0 3.0e-02    2 25.0  0.91044  0.00288    0.912
11N-HN  800.0 3.0e-02   24 25.0  0.95090  0.00290    0.949
11N-HN  800.0 3.0e-02    3 25.0  0.93175  0.00289    0.925
11N-HN  800.0 3.0e-02   21 25.0  0.95191  0.00290    0.949
11N-HN  800.0 3.0e-02    4 25.0  0.93659  0.00289    0.934
11N-HN  800.0 3.0e-02   18 25.0  0.95374  0.00290    0.949
11N-HN  800.0 3.0e-02    5 25.0  0.93392  0.00289    0.938
11N-HN  800.0 3.0e-02   15 25.0  0.94399  0.00290    0.948
11N-HN  800.0 3.0e-02    6 25.0  0.93921  0.00289    0.942
11N-HN  800.0 3.0e-02   12 25.0  0.94922  0.00290    0.947
11N-HN  800.0 3.0e-02    7 25.0  0.93904  0.00289    0.943
11N-HN  800.0 3.0e-02   10 25.0  0.93992  0.00289    0.947
11N-HN  800.0 3.0e-02    8 25.0  0.94376  0.00290    0.945
11N-HN  800.0 3.0e-02    4 25.0  0.94095  0.00289    0.934
11N-HN  800.0 3.0e-02    1 25.0  0.89235  0.00286    0.892
11N-HN  800.0 3.0e-02   27 25.0  0.94696  0.00290    0.949
12N-HN  800.0 3.0e-02    0 25.0  1.00000  0.00257    1.000
12N-HN  800.0 3.0e-02   30 25.0  0.92719  0.00252    0.925
12N-HN  800.0 3.0e-02    1 25.0  0.88058  0.00252    0.881
12N-HN  800.0 3.0e-02   27 25.0  0.92476  0.00252    0.925
12N-HN  800.0 3.0e-02    2 25.0  0.89222  0.00252    0.896
12N-HN  800.0 3.0e-02   24 25.0  0.92741  0.00252    0.925
12N-HN  800.0 3.0e-02    3 25.0  0.90711  0.00252    0.907
12N-HN  800.0 3.0e-02   21 25.0  0.92610  0.00252    0.925
12N-HN  800.0 3.0e-02    4 25.0  0.91251  0.00252    0.913
12N-HN  800.0 3.0e-02   18 25.0  0.92794  0.00252    0.925
12N-HN  800.0 3.0e-02    5 25.0  0.91734  0.00252    0.917
12N-HN  800.0 3.0e-02   15 25.0  0.92485  0.00252    0.925
12N-HN  800.0 3.0e-02    6 25.0  0.91561  0.00252    0.919
12N-HN  800.0 3.0e-02   12 25.0  0.92302  0.00252    0.924
12N-HN  800.0 3.0e-02    7 25.0  0.92287  0.00252    0.921
12N-HN  800.0 3.0e-02   10 25.0  0.92260  0.00252    0.923
12N-HN  800.0 3.0e-02    8 25.0  0.91709  0.00252    0.922
12N-HN  800.0 3.0e-02    4 25.0  0.91419  0.00252    0.913
12N-HN  800.0 3.0e-02    1 25.0  0.88447  0.00252    0.881
12N-HN  800.0 3.0e-02   27 25.0  0.92533  0.00252    0.925
13N-HN  800.0 3.0e-02    0 25.0  1.00000  0.00368    1.000
13N-HN  800.0 3.0e-02   30 25.0  0.91479  0.00368    0.913
13N-HN  800.0 3.0e-02    1 25.0  0.85354  0.00368    0.856
13N-HN  800.0 3.0e-02   27 25.0  0.91179  0.00368    0.913
13N-HN  800.0 3.0e-02    2 25.0  0.87122  0.00368    0.876
13N-HN  800.0 3.0e-02   24 25.0  0.91755  0.00368    0.913
13N-HN  800.0 3.0e-02    3 25.0  0.89349  0.00368    0.889
13N-HN  800.0 3.0e-02   21 25.0  0.91530  0.00368    0.913
13N-HN  800.0 3.0e-02    4 25.0  0.90056  0.00368    0.898
13N-HN  800.0 3.0e-02   18 25.0  0.90516  0.00368    0.913
13N-HN  800.0 3.0e-02    5 25.0  0.89304  0.00368    0.902
13N-HN  800.0 3.0e-02   15 25.0  0.90684  0.00368    0.912
13N-HN  800.0 3.0e-02    6 25.0  0.90671  0.00368    0.905
13N-HN  800.0 3.0e-02   12 25.0  0.91220  0.00368    0.911
13N-HN  800.0 3.0e-02    7 25.0  0.90471  0.00368    0.907
13N-HN  800.0 3.0e-02   10 25.0  0.91567  0.00368    0.910
13N-HN  800.0 3.0e-02    8 25.0  0.90773  0.00368    0.909
13N-HN  800.0 3.0e-02    4 25.0  0.90008  0.00368    0.898
13N-HN  800.0 3.0e-02    1 25.0  0.85888  0.00368    0.856
13N-HN  800.0 3.0e-02   27 25.0  0.91816  0.00368    0.913
14N-HN  800.0 3.0e-02    0 25.0  1.00000  0.00445    1.000
14N-HN  800.0 3.0e-02   30 25.0  0.92360  0.00436    0.925
14N-HN  800.0 3.0e-02    1 25.0  0.57122  0.00406    0.573
14N-HN  800.0 3.0e-02   27 25.0  0.92567  0.00437    0.924
14N-HN  800.0 3.0e-02    2 25.0  0.64466  0.00412    0.645
14N-HN  800.0 3.0e-02   24 25.0  0.92093  0.00436    0.923
14N-HN  800.0 3.0e-02    3 25.0  0.71537  0.00417    0.716
14N-HN  800.0 3.0e-02   21 25.0  0.92375  0.00436    0.921
14N-HN  800.0 3.0e-02    4 25.0  0.76926  0.00422    0.772
14N-HN  800.0 3.0e-02   18 25.0  0.91836  0.00436    0.918
14N-HN  800.0 3.0e-02    5 25.0  0.81346  0.00426    0.815
14N-HN  800.0 3.0e-02   15 25.0  0.91330  0.00435    0.913
14N-HN  800.0 3.0e-02    6 25.0  0.84721  0.00429    0.844
14N-HN  800.0 3.0e-02   12 25.0  0.91148  0.00435    0.904
14N-HN  800.0 3.0e-02    7 25.0  0.85903  0.00430    0.863
14N-HN  800.0 3.0e-02   10 25.0  0.88513  0.00433    0.894
14N-HN  800.0 3.0e-02    8 25.0  0.87571  0.00432    0.876
14N-HN  800.0 3.0e-02    4 25.0  0.77702  0.00422    0.772
14N-HN  800.0 3.0e-02    1 25.0  0.57815  0.00407    0.573
14N-HN  800.0 3.0e-02   27 25.0  0.92302  0.00436    0.924
16N-HN  800.0 3.0e-02    0 25.0  1.00000  0.00398    1.000
16N-HN  800.0 3.0e-02   30 25.0  0.89974  0.00398    0.897
16N-HN  800.0 3.0e-02    1 25.0  0.69000  0.00398    0.696
16N-HN  800.0 3.0e-02   27 25.0  0.89437  0.00398    0.897
16N-HN  800.0 3.0e-02    2 25.0  0.75941  0.00398    0.755
16N-HN  800.0 3.0e-02   24 25.0  0.90067  0.00398    0.896
16N-HN  800.0 3.0e-02    3 25.0  0.79910  0.00398    0.801
16N-HN  800.0 3.0e-02   21 25.0  0.89807  0.00398    0.896
16N-HN  800.0 3.0e-02    4 25.0  0.83294  0.00398    0.831
16N-HN  800.0 3.0e-02   18 25.0  0.89118  0.00398    0.894
16N-HN  800.0 3.0e-02    5 25.0  0.84591  0.00398    0.851
16N-HN  800.0 3.0e-02   15 25.0  0.89980  0.00398    0.892
16N-HN  800.0 3.0e-02    6 25.0  0.85948  0.00398    0.864
16N-HN  800.0 3.0e-02   12 25.0  0.89326  0.00398    0.889
16N-HN  800.0 3.0e-02    7 25.0  0.86997  0.00398    0.872
16N-HN  800.0 3.0e-02   10 25.0  0.87710  0.00398    0.885
16N-HN  800.0 3.0e-02    8 25.0  0.88033  0.00398    0.877
16N-HN  800.0 3.0e-02    4 25.0  0.82409  0.00398    0.831
16N-HN  800.0 3.0e-02    1 25.0  0.69788  0.00398    0.696
16N-HN  800.0 3.0e-02   27 25.0  0.90150  0.00398    0.897
17N-HN  800.0 3.0e-02    0 25.0  1.00000  0.00290    1.000
17N-HN  800.0 3.0e-02   30 25.0  0.93202  0.00290    0.932
17N-HN  800.0 3.0e-02    1 25.0  0.58743  0.00290    0.592
17N-HN  800.0 3.0e-02   27 25.0  0.93223  0.00290    0.931
17N-HN  800.0 3.0e-02    2 25.0  0.66722  0.00290    0.666
17N-HN  800.0 3.0e-02   24 25.0  0.92849  0.00290    0.930
17N-HN  800.0 3.0e-02    3 25.0  0.73633  0.00290    0.737
17N-HN  800.0 3.0e-02   21 25.0  0.92855  0.00290    0.928
17N-HN  800.0 3.0e-02    4 25.0  0.79986  0.00290    0.793
17N-HN  800.0 3.0e-02   18 25.0  0.92612  0.00290    0.926
17N-HN  800.0 3.0e-02    5 25.0  0.83270  0.00290    0.832
17N-HN  800.0 3.0e-02   15 25.0  0.92235  0.00290    0.921
17N-HN  800.0 3.0e-02    6 25.0  0.85477  0.00290    0.858
17N-HN  800.0 3.0e-02   12 25.0  0.91045  0.00290    0.913
17N-HN  800.0 3.0e-02    7 25.0  0.87590  0.00290    0.876
17N-HN  800.0 3.0e-02   10 25.0  0.90090  0.00290    0.904
17N-HN  800.0 3.0e-02    8 25.0  0.89157  0.00290    0.888
17N-HN  800.0 3.0e-02    4 25.0  0.79685  0.00290    0.793
17N-HN  800.0 3.0e-02    1 25.0  0.59281  0.00290    0.592
17N-HN  800.0 3.0e-02   27 25.0  0.92938  0.00290    0.931
18N-HN  800.0 3.0e-02    0 25.0  1.00000  0.00500    1.000
18N-HN  800.0 3.0e-02   30 25.0  0.94418  0.00500    0.944
18N-HN  800.0 3.0e-02    1 25.0  0.80447  0.00500    0.794
18N-HN  800.0 3.0e-02   27 25.0  0.94670  0.00500    0.943
18N-HN  800.0 3.0e-02    2 25.0  0.84001  0.00500    0.842
18N-HN  800.0 3.0e-02   24 25.0  0.94367  0.00500    0.943
18N-HN  800.0 3.0e-02    3 25.0  0.87784  0.00500    0.876
18N-HN  800.0 3.0e-02   21 25.0  0.94275  0.00500    0.943
18N-HN  800.0 3.0e-02    4 25.0  0.89937  0.00500    0.899
18N-HN  800.0 3.0e-02   18 25.0  0.93899  0.00500    0.942
18N-HN  800.0 3.0e-02    5 25.0  0.91094  0.00500    0.913
18N-HN  800.0 3.0e-02   15 25.0  0.94316  0.00500    0.940
18N-HN  800.0 3.0e-02    6 25.0  0.92844  0.00500    0.921
18N-HN  800.0 3.0e-02   12 25.0  0.93302  0.00500    0.938
18N-HN  800.0 3.0e-02    7 25.0  0.92481  0.00500    0.927
18N-HN  800.0 3.0e-02   10 25.0  0.93481  0.00500    0.935
18N-HN  800.0 3.0e-02    8 25.0  0.92509  0.00500    0.930
18N-HN  800.0 3.0e-02    4 25.0  0.90007  0.00500    0.899
18N-HN  800.0 3.0e-02    1 25.0  0.78749  0.00500    0.794
18N-HN  800.0 3.0e-02   27 25.0  0.94082  0.00500    0.943
19N-HN  800.0 3.0e-02    0 25.0  1.00000  0.00238    1.000
19N-HN  800.0 3.0e-02   30 25.0  0.93879  0.00238    0.935
19N-HN  800.0 3.0e-02    1 25.0  0.85349  0.00238    0.856
19N-HN  800.0 3.0e-02   27 25.0  0.93634  0.00238    0.935
19N-HN  800.0 3.0e-02    2 25.0  0.88802  0.00238    0.883
19N-HN  800.0 3.0e-02   24 25.0  0.93324  0.00238    0.935
19N-HN  800.0 3.0e-02    3 25.0  0.90088  0.00238    0.902
19N-HN  800.0 3.0e-02   21 25.0  0.93181  0.00238    0.934
19N-HN  800.0 3.0e-02    4 25.0  0.90905  0.00238    0.913
19N-HN  800.0 3.0e-02   18 25.0  0.93331  0.00238    0.934
19N-HN  800.0 3.0e-02    5 25.0  0.92046  0.00238    0.920
19N-HN  800.0 3.0e-02   15 25.0  0.93344  0.00238    0.933
19N-HN  800.0 3.0e-02    6 25.0  0.92309  0.00238    0.924
19N-HN  800.0 3.0e-02   12 25.0  0.93307  0.00238    0.932
19N-HN  800.0 3.0e-02    7 25.0  0.92836  0.00238    0.927
19N-HN  800.0 3.0e-02   10 25.0  0.93264  0.00238    0.931
19N-HN  800.0 3.0e-02    8 25.0  0.92682  0.00238    0.929
19N-HN  800.0 3.0e-02    4 25.0  0.91109  0.00238    0.913
19N-HN  800.0 3.0e-02    1 25.0  0.85577  0.00238    0.856
19N-HN  800.0 3.0e-02   27 25.0  0.93544  0.00238    0.935
29N-HN  800.0 3.0e-02    0 25.0  1.00000  0.00377    1.000
29N-HN  800.0 3.0e-02   30 25.0  0.92610  0.00373    0.927
29N-HN  800.0 3.0e-02    1 25.0  0.91171  0.00373    0.910
29N-HN  800.0 3.0e-02   27 25.0  0.92283  0.00373    0.927
29N-HN  800.0 3.0e-02    2 25.0  0.91321  0.00373    0.916
29N-HN  800.0 3.0e-02   24 25.0  0.92615  0.00373    0.927
29N-HN  800.0 3.0e-02    3 25.0  0.92376  0.00373    0.920
29N-HN  800.0 3.0e-02   21 25.0  0.92878  0.00373    0.927
29N-HN  800.0 3.0e-02    4 25.0  0.92128  0.00373    0.922
29N-HN  800.0 3.0e-02   18 25.0  0.93370  0.00373    0.927
29N-HN  800.0 3.0e-02    5 25.0  0.92059  0.00373    0.924
29N-HN  800.0 3.0e-02   15 25.0  0.92364  0.00373    0.927
29N-HN  800.0 3.0e-02    6 25.0  0.93129  0.00373    0.925
29N-HN  800.0 3.0e-02   12 25.0  0.92364  0.00373    0.926
29N-HN  800.0 3.0e-02    7 25.0  0.92513  0.00373    0.925
29N-HN  800.0 3.0e-02   10 25.0  0.92551  0.00373    0.926
29N-HN  800.0 3.0e-02    8 25.0  0.92085  0.00373    0.926
29N-HN  800.0 3.0e-02    4 25.0  0.92677  0.00373    0.922
29N-HN  800.0 3.0e-02    1 25.0  0.90658  0.00373    0.910
29N-HN  800.0 3.0e-02   27 25.0  0.92659  0.00373    0.927
30N-HN  800.0 3.0e-02    0 25.0  1.00000  0.00411    1.000
30N-HN  800.0 3.0e-02   30 25.0  0.93927  0.00411    0.939
30N-HN  800.0 3.0e-02    1 25.0  0.83374  0.00411    0.832
30N-HN  800.0 3.0e-02   27 25.0  0.94575  0.00411    0.939
30N-HN  800.0 3.0e-02    2 25.0  0.87514  0.00411    0.868
30N-HN  800.0 3.0e-02   24 25.0  0.94443  0.00411    0.938
30N-HN  800.0 3.0e-02    3 25.0  0.89345  0.00411    0.893
30N-HN  800.0 3.0e-02   21 25.0  0.93549  0.00411    0.938
30N-HN  800.0 3.0e-02    4 25.0  0.90775  0.00411    0.909
30N-HN  800.0 3.0e-02   18 25.0  0.94279  0.00411    0.938
30N-HN  800.0 3.0e-02    5 25.0  0.91894  0.00411    0.917
30N-HN  800.0 3.0e-02   15 25.0  0.93477  0.00411    0.937
30N-HN  800.0 3.0e-02    6 25.0  0.91810  0.00411    0.924
30N-HN  800.0 3.0e-02   12 25.0  0.94177  0.00411    0.935
30N-HN  800.0 3.0e-02    7 25.0  0.92376  0.00411    0.928
30N-HN  800.0 3.0e-02   10 25.0  0.93260  0.00411    0.933
30N-HN  800.0 3.0e-02    8 25.0  0.92364  0.00411    0.930
30N-HN  800.0 3.0e-02    4 25.0  0.90782  0.00411    0.909
30N-HN  800.0 3.0e-02    1 25.0  0.82776  0.00411    0.832
30N-HN  800.0 3.0e-02   27 25.0  0.93053  0.00411    0.939
31N-HN  800.0 3.0e-02    0 25.0  1.00000  0.00382    1.000
31N-HN  800.0 3.0e-02   30 25.0  0.80629  0.00382    0.806
31N-HN  800.0 3.0e-02    1 25.0  0.42693  0.00382    0.429
31N-HN  800.0 3.0e-02   27 25.0  0.81153  0.00382    0.804
31N-HN  800.0 3.0e-02    2 25.0  0.43897  0.00382    0.436
31N-HN  800.0 3.0e-02   24 25.0  0.79240  0.00382    0.800
31N-HN  800.0 3.0e-02    3 25.0  0.46934  0.00382    0.471
31N-HN  800.0 3.0e-02   21 25.0  0.79718  0.00382    0.794
31N-HN  800.0 3.0e-02    4 25.0  0.53193  0.00382    0.520
31N-HN  800.0 3.0e-02   18 25.0  0.77737  0.00382    0.785
31N-HN  800.0 3.0e-02    5 25.0  0.57106  0.00382    0.579
31N-HN  800.0 3.0e-02   15 25.0  0.76836  0.00382    0.772
31N-HN  800.0 3.0e-02    6 25.0  0.62848  0.00382    0.619
31N-HN  800.0 3.0e-02   12 25.0  0.74314  0.00382    0.750
31N-HN  800.0 3.0e-02    7 25.0  0.65489  0.00382    0.656
31N-HN  800.0 3.0e-02   10 25.0  0.72013  0.00382    0.728
31N-HN  800.0 3.0e-02    8 25.0  0.68608  0.00382    0.690
31N-HN  800.0 3.0e-02    4 25.0  0.53067  0.00382    0.520
31N-HN  800.0 3.0e-02    1 25.0  0.43721  0.00382    0.429
31N-HN  800.0 3.0e-02   27 25.0  0.80983  0.00382    0.804
33N-HN  800.0 3.0e-02    0 25.0  1.00000  0.01380    1.000
33N-HN  800.0 3.0e-02   30 25.0  0.90383  0.01308    0.918
33N-HN  800.0 3.0e-02    1 25.0  0.50518  0.01061    0.489
33N-HN  800.0 3.0e-02   27 25.0  0.90914  0.01312    0.916
33N-HN  800.0 3.0e-02    2 25.0  0.51275  0.01065    0.518
33N-HN  800.0 3.0e-02   24 25.0  0.91564  0.01317    0.913
33N-HN  800.0 3.0e-02    3 25.0  0.57509  0.01098    0.568
33N-HN  800.0 3.0e-02   21 25.0  0.89886  0.01304    0.908
33N-HN  800.0 3.0e-02    4 25.0  0.64918  0.01140    0.636
33N-HN  800.0 3.0e-02   18 25.0  0.89102  0.01299    0.901
33N-HN  800.0 3.0e-02    5 25.0  0.70152  0.01172    0.698
33N-HN  800.0 3.0e-02   15 25.0  0.89645  0.01303    0.890
33N-HN  800.0 3.0e-02    6 25.0  0.74316  0.01198    0.746
33N-HN  800.0 3.0e-02   12 25.0  0.86960  0.01284    0.870
33N-HN  800.0 3.0e-02    7 25.0  0.80574  0.01240    0.783
33N-HN  800.0 3.0e-02   10 25.0  0.84523  0.01267    0.847
33N-HN  800.0 3.0e-02    8 25.0  0.79907  0.01235    0.811
33N-HN  800.0 3.0e-02    4 25.0  0.63278  0.01130    0.636
33N-HN  800.0 3.0e-02    1 25.0  0.50881  0.01063    0.489
33N-HN  800.0 3.0e-02   27 25.0  0.89890  0.01305    0.916
34N-HN  800.0 3.0e-02    0 25.0  1.00000  0.00353    1.000
34N-HN  800.0 3.0e-02   30 25.0  0.81914  0.00353    0.809
34N-HN  800.0 3.0e-02    1 25.0  0.41116  0.00353    0.422
34N-HN  800.0 3.0e-02   27 25.0  0.80299  0.00353    0.801
34N-HN  800.0 3.0e-02    2 25.0  0.41848  0.00353    0.424
34N-HN  800.0 3.0e-02   24 25.0  0.79910  0.00353    0.790
34N-HN  800.0 3.0e-02    3 25.0  0.42729  0.00353    0.424
34N-HN  800.0 3.0e-02   21 25.0  0.77690  0.00353    0.774
34N-HN  800.0 3.0e-02    4 25.0  0.42040  0.00353    0.428
34N-HN  800.0 3.0e-02   18 25.0  0.74534  0.00353    0.750
34N-HN  800.0 3.0e-02    5 25.0  0.42885  0.00353    0.438
34N-HN  800.0 3.0e-02   15 25.0  0.70626  0.00353    0.715
34N-HN  800.0 3.0e-02    6 25.0  0.47296  0.00353    0.466
34N-HN  800.0 3.0e-02   12 25.0  0.66958  0.00353    0.660
34N-HN  800.0 3.0e-02    7 25.0  0.49854  0.00353    0.501
34N-HN  800.0 3.0e-02   10 25.0  0.59891  0.00353    0.607
34N-HN  800.0 3.0e-02    8 25.0  0.53460  0.00353    0.539
34N-HN  800.0 3.0e-02    4 25.0  0.42253  0.00353    0.428
34N-HN  800.0 3.0e-02    1 25.0  0.41832  0.00353    0.422
34N-HN  800.0 3.0e-02   27 25.0  0.80997  0.00353    0.801
35N-HN  800.0 3.0e-02    0 25.0  1.00000  0.00468    1.000
35N-HN  800.0 3.0e-02   30 25.0  0.89582  0.00456    0.899
35N-HN  800.0 3.0e-02    1 25.0  0.60220  0.00427    0.604
35N-HN  800.0 3.0e-02   27 25.0  0.89948  0.00456    0.898
35N-HN  800.0 3.0e-02    2 25.0  0.67176  0.00433    0.676
35N-HN  800.0 3.0e-02   24 25.0  0.89683  0.00456    0.897
35N-HN  800.0 3.0e-02    3 25.0  0.74567  0.00440    0.740
35N-HN  800.0 3.0e-02   21 25.0  0.89549  0.00456    0.896
35N-HN  800.0 3.0e-02    4 25.0  0.78374  0.00443    0.787
35N-HN  800.0 3.0e-02   18 25.0  0.89659  0.00456    0.894
35N-HN  800.0 3.0e-02    5 25.0  0.81823  0.00447    0.819
35N-HN  800.0 3.0e-02   15 25.0  0.89186  0.00455    0.890
35N-HN  800.0 3.0e-02    6 25.0  0.83986  0.00449    0.840
35N-HN  800.0 3.0e-02   12 25.0  0.87828  0.00454    0.884
35N-HN  800.0 3.0e-02    7 25.0  0.85455  0.00451    0.854
35N-HN  800.0 3.0e-02   10 25.0  0.87738  0.00453    0.877
35N-HN  800.0 3.0e-02    8 25.0  0.86745  0.00452    0.864
35N-HN  800.0 3.0e-02    4 25.0  0.79329  0.00444    0.787
35N-HN  800.0 3.0e-02    1 25.0  0.60533  0.00427    0.604
35N-HN  800.0 3.0e-02   27 25.0  0.89429  0.00455    0.898
36N-HN  800.0 3.0e-02    0 25.0  1.00000  0.00427    1.000
36N-HN  800.0 3.0e-02   30 25.0  0.93307  0.00427    0.927
36N-HN  800.0 3.0e-02    1 25.0  0.81245  0.00427    0.808
36N-HN  800.0 3.0e-02   27 25.0  0.91800  0.00427    0.927
36N-HN  800.0 3.0e-02    2 25.0  0.84539  0.00427    0.846
36N-HN  800.0 3.0e-02   24 25.0  0.93259  0.00427    0.926
36N-HN  800.0 3.0e-02    3 25.0  0.87267  0.00427    0.874
36N-HN  800.0 3.0e-02   21 25.0  0.92908  0.00427    0.926
36N-HN  800.0 3.0e-02    4 25.0  0.89498  0.00427    0.892
36N-HN  800.0 3.0e-02   18 25.0  0.92211  0.00427    0.925
36N-HN  800.0 3.0e-02    5 25.0  0.90294  0.00427    0.903
36N-HN  800.0 3.0e-02   15 25.0  0.92781  0.00427    0.924
36N-HN  800.0 3.0e-02    6 25.0  0.90406  0.00427    0.909
36N-HN  800.0 3.0e-02   12 25.0  0.92047  0.00427    0.923
36N-HN  800.0 3.0e-02    7 25.0  0.91197  0.00427    0.914
36N-HN  800.0 3.0e-02   10 25.0  0.92575  0.00427    0.920
36N-HN  800.0 3.0e-02    8 25.0  0.92239  0.00427    0.917
36N-HN  800.0 3.0e-02    4 25.0  0.88252  0.00427    0.892
36N-HN  800.0 3.0e-02    1 25.0  0.80610  0.00427    0.808
36N-HN  800.0 3.0e-02   27 25.0  0.92399  0.00427    0.927
37N-HN  800.0 3.0e-02    0 25.0  1.00000  0.00836    1.000
37N-HN  800.0 3.0e-02   30 25.0  0.87362  0.00797    0.868
37N-HN  800.0 3.0e-02    1 25.0  0.45500  0.00700    0.468
37N-HN  800.0 3.0e-02   27 25.0  0.87727  0.00798    0.866
37N-HN  800.0 3.0e-02    2 25.0  0.53144  0.00711    0.504
37N-HN  800.0 3.0e-02   24 25.0  0.87392  0.00797    0.863
37N-HN  800.0 3.0e-02    3 25.0  0.54582  0.00714    0.559
37N-HN  800.0 3.0e-02   21 25.0  0.85111  0.00790    0.860
37N-HN  800.0 3.0e-02    4 25.0  0.63141  0.00733    0.624
37N-HN  800.0 3.0e-02   18 25.0  0.85833  0.00793    0.854
37N-HN  800.0 3.0e-02    5 25.0  0.66276  0.00740    0.680
37N-HN  800.0 3.0e-02   15 25.0  0.82698  0.00784    0.845
37N-HN  800.0 3.0e-02    6 25.0  0.71921  0.00754    0.723
37N-HN  800.0 3.0e-02   12 25.0  0.83785  0.00787    0.829
37N-HN  800.0 3.0e-02    7 25.0  0.77429  0.00769    0.755
37N-HN  800.0 3.0e-02   10 25.0  0.80987  0.00779    0.810
37N-HN  800.0 3.0e-02    8 25.0  0.78131  0.00771    0.779
37N-HN  800.0 3.0e-02    4 25.0  0.62571  0.00731    0.624
37N-HN  800.0 3.0e-02    1 25.0  0.45177  0.00700    0.468
37N-HN  800.0 3.0e-02   27 25.0  0.85472  0.00792    0.866
49N-HN  800.0 3.0e-02    0 25.0  1.00000  0.00784    1.000
49N-HN  800.0 3.0e-02   30 25.0  0.94444  0.00771    0.929
49N-HN  800.0 3.0e-02    1 25.0  0.62710  0.00711    0.619
49N-HN  800.0 3.0e-02   27 25.0  0.92583  0.00767    0.929
49N-HN  800.0 3.0e-02    2 25.0  0.69038  0.00722    0.693
49N-HN  800.0 3.0e-02   24 25.0  0.93784  0.00769    0.928
49N-HN  800.0 3.0e-02    3 25.0  0.77003  0.00736    0.760
49N-HN  800.0 3.0e-02   21 25.0  0.91943  0.00765    0.926
49N-HN  800.0 3.0e-02    4 25.0  0.81559  0.00744    0.810
49N-HN  800.0 3.0e-02   18 25.0  0.92316  0.00766    0.924
49N-HN  800.0 3.0e-02    5 25.0  0.84502  0.00750    0.844
49N-HN  800.0 3.0e-02   15 25.0  0.91393  0.00764    0.920
49N-HN  800.0 3.0e-02    6 25.0  0.86906  0.00755    0.866
49N-HN  800.0 3.0e-02   12 25.0  0.89899  0.00761    0.914
49N-HN  800.0 3.0e-02    7 25.0  0.87132  0.00755    0.882
49N-HN  800.0 3.0e-02   10 25.0  0.89520  0.00760    0.906
49N-HN  800.0 3.0e-02    8 25.0  0.88905  0.00759    0.892
49N-HN  800.0 3.0e-02    4 25.0  0.81937  0.00745    0.810
49N-HN  800.0 3.0e-02    1 25.0  0.62684  0.00711    0.619
49N-HN  800.0 3.0e-02   27 25.0  0.92255  0.00766    0.929
52N-HN  800.0 3.0e-02    0 25.0  1.00000  0.00441    1.000
52N-HN  800.0 3.0e-02   30 25.0  0.86336  0.00441    0.857
52N-HN  800.0 3.0e-02    1 25.0  0.49042  0.00441    0.494
52N-HN  800.0 3.0e-02   27 25.0  0.85768  0.00441    0.856
52N-HN  800.0 3.0e-02    2 25.0  0.54701  0.00441    0.553
52N-HN  800.0 3.0e-02   24 25.0  0.85446  0.00441    0.854
52N-HN  800.0 3.0e-02    3 25.0  0.61947  0.00441    0.620
52N-HN  800.0 3.0e-02   21 25.0  0.84511  0.00441    0.852
52N-HN  800.0 3.0e-02    4 25.0  0.68487  0.00441    0.681
52N-HN  800.0 3.0e-02   18 25.0  0.84517  0.00441    0.848
52N-HN  800.0 3.0e-02    5 25.0  0.73095  0.00441    0.727
52N-HN  800.0 3.0e-02   15 25.0  0.85328  0.00441    0.842
52N-HN  800.0 3.0e-02    6 25.0  0.75118  0.00441    0.759
52N-HN  800.0 3.0e-02   12 25.0  0.82922  0.00441    0.832
52N-HN  800.0 3.0e-02    7 25.0  0.78600  0.00441    0.782
52N-HN  800.0 3.0e-02   10 25.0  0.82408  0.00441    0.820
52N-HN  800.0 3.0e-02    8 25.0  0.78758  0.00441    0.798
52N-HN  800.0 3.0e-02    4 25.0  0.67737  0.00441    0.681
52N-HN  800.0 3.0e-02    1 25.0  0.50462  0.00441    0.494
52N-HN  800.0 3.0e-02   27 25.0  0.85392  0.00441    0.856
53N-HN  800.0 3.0e-02    0 25.0  1.00000  0.00783    1.000
53N-HN  800.0 3.0e-02   30 25.0  0.87122  0.00783    0.873
53N-HN  800.0 3.0e-02    1 25.0  0.60880  0.00783    0.619
53N-HN  800.0 3.0e-02   27 25.0  0.86949  0.00783    0.872
53N-HN  800.0 3.0e-02    2 25.0  0.69946  0.00783    0.687
53N-HN  800.0 3.0e-02   24 25.0  0.86384  0.00783    0.872
53N-HN  800.0 3.0e-02    3 25.0  0.74521  0.00783    0.742
53N-HN  800.0 3.0e-02   21 25.0  0.86442  0.00783    0.871
53N-HN  800.0 3.0e-02    4 25.0  0.76782  0.00783    0.783
53N-HN  800.0 3.0e-02   18 25.0  0.88403  0.00783    0.869
53N-HN  800.0 3.0e-02    5 25.0  0.80700  0.00783    0.808
53N-HN  800.0 3.0e-02   15 25.0  0.86464  0.00783    0.867
53N-HN  800.0 3.0e-02    6 25.0  0.82679  0.00783    0.825
53N-HN  800.0 3.0e-02   12 25.0  0.85001  0.00783    0.862
53N-HN  800.0 3.0e-02    7 25.0  0.83772  0.00783    0.837
53N-HN  800.0 3.0e-02   10 25.0  0.85614  0.00783    0.856
53N-HN  800.0 3.0e-02    8 25.0  0.85406  0.00783    0.845
53N-HN  800.0 3.0e-02    4 25.0  0.78492  0.00783    0.783
53N-HN  800.0 3.0e-02    1 25.0  0.62451  0.00783    0.619
53N-HN  800.0 3.0e-02   27 25.0  0.88363  0.00783    0.872
