S41N-HN     499.2 5.0e-01 1.200e+04 2.7e+01 25.0  1.00000  0.00502  1.00000
S41N-HN     499.2 5.0e-01 7.500e+02 2.7e+01 25.0  0.24400  0.00502  0.22877
S41N-HN     499.2 5.0e-01 7.250e+02 2.7e+01 25.0  0.21600  0.00502  0.22870
S41N-HN     499.2 5.0e-01 7.000e+02 2.7e+01 25.0  0.21660  0.00502  0.22862
S41N-HN     499.2 5.0e-01 6.750e+02 2.7e+01 25.0  0.22710  0.00502  0.22853
S41N-HN     499.2 5.0e-01 6.500e+02 2.7e+01 25.0  0.23650  0.00502  0.22842
S41N-HN     499.2 5.0e-01 6.250e+02 2.7e+01 25.0  0.23090  0.00502  0.22830
S41N-HN     499.2 5.0e-01 6.000e+02 2.7e+01 25.0  0.23300  0.00502  0.22817
S41N-HN     499.2 5.0e-01 5.750e+02 2.7e+01 25.0  0.22780  0.00502  0.22801
S41N-HN     499.2 5.0e-01 5.500e+02 2.7e+01 25.0  0.22500  0.00502  0.22783
S41N-HN     499.2 5.0e-01 5.250e+02 2.7e+01 25.0  0.22840  0.00502  0.22761
S41N-HN     499.2 5.0e-01 5.000e+02 2.7e+01 25.0  0.22290  0.00502  0.22735
S41N-HN     499.2 5.0e-01 4.750e+02 2.7e+01 25.0  0.22630  0.00502  0.22704
S41N-HN     499.2 5.0e-01 4.500e+02 2.7e+01 25.0  0.23730  0.00502  0.22666
S41N-HN     499.2 5.0e-01 4.250e+02 2.7e+01 25.0  0.22890  0.00502  0.22618
S41N-HN     499.2 5.0e-01 4.000e+02 2.7e+01 25.0  0.22240  0.00502  0.22558
S41N-HN     499.2 5.0e-01 3.750e+02 2.7e+01 25.0  0.22860  0.00502  0.22479
S41N-HN     499.2 5.0e-01 3.500e+02 2.7e+01 25.0  0.22880  0.00502  0.22373
S41N-HN     499.2 5.0e-01 3.250e+02 2.7e+01 25.0  0.21590  0.00502  0.22225
S41N-HN     499.2 5.0e-01 3.000e+02 2.7e+01 25.0  0.22570  0.00502  0.22011
S41N-HN     499.2 5.0e-01 2.750e+02 2.7e+01 25.0  0.22050  0.00502  0.21686
S41N-HN     499.2 5.0e-01 2.500e+02 2.7e+01 25.0  0.21100  0.00502  0.21160
S41N-HN     499.2 5.0e-01 2.250e+02 2.7e+01 25.0  0.20070  0.00502  0.20247
S41N-HN     499.2 5.0e-01 2.000e+02 2.7e+01 25.0  0.18880  0.00502  0.18536
S41N-HN     499.2 5.0e-01 1.750e+02 2.7e+01 25.0  0.14830  0.00502  0.15195
S41N-HN     499.2 5.0e-01 1.500e+02 2.7e+01 25.0  0.09590  0.00502  0.09515
S41N-HN     499.2 5.0e-01 1.250e+02 2.7e+01 25.0  0.04210  0.00502  0.04298
S41N-HN     499.2 5.0e-01 1.000e+02 2.7e+01 25.0  0.04170  0.00502  0.03837
S41N-HN     499.2 5.0e-01 7.500e+01 2.7e+01 25.0  0.06200  0.00502  0.06379
S41N-HN     499.2 5.0e-01 5.000e+01 2.7e+01 25.0  0.08200  0.00502  0.08545
S41N-HN     499.2 5.0e-01 2.500e+01 2.7e+01 25.0  0.08760  0.00502  0.09131
S41N-HN     499.2 5.0e-01 -0.000e+00 2.7e+01 25.0  0.08440  0.00502  0.08041
S41N-HN     499.2 5.0e-01 -2.500e+01 2.7e+01 25.0  0.06310  0.00502  0.05288
S41N-HN     499.2 5.0e-01 -5.000e+01 2.7e+01 25.0  0.01260  0.00502  0.01819
S41N-HN     499.2 5.0e-01 -7.500e+01 2.7e+01 25.0  0.00580  0.00502  0.00168
S41N-HN     499.2 5.0e-01 -1.000e+02 2.7e+01 25.0  0.00110  0.00502  0.00323
S41N-HN     499.2 5.0e-01 -1.250e+02 2.7e+01 25.0  0.03070  0.00502  0.04051
S41N-HN     499.2 5.0e-01 -1.500e+02 2.7e+01 25.0  0.10720  0.00502  0.10502
S41N-HN     499.2 5.0e-01 -1.750e+02 2.7e+01 25.0  0.15670  0.00502  0.15259
S41N-HN     499.2 5.0e-01 -2.000e+02 2.7e+01 25.0  0.17920  0.00502  0.18006
S41N-HN     499.2 5.0e-01 -2.250e+02 2.7e+01 25.0  0.19220  0.00502  0.19589
S41N-HN     499.2 5.0e-01 -2.500e+02 2.7e+01 25.0  0.20470  0.00502  0.20549
S41N-HN     499.2 5.0e-01 -2.750e+02 2.7e+01 25.0  0.21580  0.00502  0.21164
S41N-HN     499.2 5.0e-01 -3.000e+02 2.7e+01 25.0  0.21430  0.00502  0.21577
S41N-HN     499.2 5.0e-01 -3.250e+02 2.7e+01 25.0  0.21420  0.00502  0.21866
S41N-HN     499.2 5.0e-01 -3.500e+02 2.7e+01 25.0  0.22440  0.00502  0.22075
S41N-HN     499.2 5.0e-01 -3.750e+02 2.7e+01 25.0  0.21470  0.00502  0.22231
S41N-HN     499.2 5.0e-01 -4.000e+02 2.7e+01 25.0  0.23140  0.00502  0.22350
S41N-HN     499.2 5.0e-01 -4.250e+02 2.7e+01 25.0  0.22850  0.00502  0.22442
S41N-HN     499.2 5.0e-01 -4.500e+02 2.7e+01 25.0  0.22200  0.00502  0.22516
S41N-HN     499.2 5.0e-01 -4.750e+02 2.7e+01 25.0  0.22550  0.00502  0.22576
S41N-HN     499.2 5.0e-01 -5.000e+02 2.7e+01 25.0  0.22620  0.00502  0.22625
S41N-HN     499.2 5.0e-01 -5.250e+02 2.7e+01 25.0  0.22520  0.00502  0.22665
S41N-HN     499.2 5.0e-01 -5.500e+02 2.7e+01 25.0  0.23130  0.00502  0.22699
S41N-HN     499.2 5.0e-01 -5.750e+02 2.7e+01 25.0  0.22020  0.00502  0.22727
S41N-HN     499.2 5.0e-01 -6.000e+02 2.7e+01 25.0  0.23260  0.00502  0.22752
S41N-HN     499.2 5.0e-01 -6.250e+02 2.7e+01 25.0  0.22590  0.00502  0.22772
S41N-HN     499.2 5.0e-01 -6.500e+02 2.7e+01 25.0  0.22910  0.00502  0.22791
S41N-HN     499.2 5.0e-01 -6.750e+02 2.7e+01 25.0  0.22350  0.00502  0.22806
S41N-HN     499.2 5.0e-01 -7.000e+02 2.7e+01 25.0  0.21540  0.00502  0.22820
S41N-HN     499.2 5.0e-01 -7.250e+02 2.7e+01 25.0  0.22990  0.00502  0.22833
S41N-HN     499.2 5.0e-01 -7.500e+02 2.7e+01 25.0  0.22620  0.00502  0.22843
