-750.0 -23086.233 -18330.5176489
-725.0 -21744.531 -18547.3128773
-700.0 -20113.557 -18764.1142003
-675.0 -18055.791 -18980.873488
-650.0 -14560.661 -19197.4299666
-625.0 -8940.8966 -19413.7223124
-600.0 -2299.3357 -19629.7251207
-575.0 80.36324 -19845.4151774
-550.0 -104.44667 -20060.7722251
-525.0 -2413.18 -20275.7798562
-500.0 -8687.008 -20490.426586
-475.0 -13816.107 -20704.7072128
-450.0 -17358.762 -20918.6246913
-425.0 -19740.072 -21132.1930087
-400.0 -20806.896 -21345.4732713
-375.0 -21894.914 -21558.7165866
-350.0 -22514.856 -21772.39939
-325.0 -22652.821 -21987.1669974
-300.0 -23156.037 -22203.8200274
-275.0 -22864.558 -22423.2719698
-250.0 -22750.864 -22646.086185
-225.0 -21917.285 -22865.485052
-200.0 -21149.112 -23079.3715994
-175.0 -18915.512 -23285.2941572
-150.0 -17544.148 -23482.0539561
-125.0 -19215.506 -23670.1485586
-100.0 -21899.582 -23849.8891033
-75.0 -23506.677 -24021.7131416
-50.0 -24635.396 -24186.3723285
-25.0 -24767.364 -24344.7463533
0.0 -25310.558 -24497.6141749
25.0 -25481.354 -24645.4657453
50.0 -25631.96 -24788.2168505
75.0 -25877.552 -24924.938352
100.0 -25484.668 -25054.0421635
125.0 -25675.187 -25174.1010817
150.0 -25672.135 -25283.3605282
175.0 -25637.454 -25379.6490019
200.0 -25804.872 -25461.409225
225.0 -25741.11 -25528.5923068
250.0 -25931.253 -25582.72446
275.0 -25442.15 -25610.1070931
300.0 -25661.276 -25635.76695
325.0 -25965.379 -25660.4272244
350.0 -25801.049 -25684.3150953
375.0 -25781.841 -25707.482661
400.0 -25964.904 -25729.9437023
425.0 -25839.91 -25751.7090466
450.0 -25669.241 -25772.7881885
475.0 -25690.928 -25793.1960089
500.0 -25695.694 -25812.9578614
525.0 -25774.933 -25832.1070576
550.0 -25793.426 -25850.6819825
575.0 -25753.212 -25868.7226436
600.0 -25966.859 -25886.2700541
625.0 -25846.743 -25903.3660495
650.0 -25887.667 -25920.047882
675.0 -25894.448 -25936.3514396
700.0 -25725.555 -25952.3115502
725.0 -26070.506 -25967.9639668
750.0 -25973.956 -25983.3493883
