L18CA-HA    598.8 2.5e-01 -1.200e+04 2.3e+01 25.0  1.00000  0.00966  1.00000
L18CA-HA    598.8 2.5e-01 -1.509e+03 2.3e+01 25.0  0.53910  0.00966  0.53991
L18CA-HA    598.8 2.5e-01 -1.479e+03 2.3e+01 25.0  0.54620  0.00966  0.53980
L18CA-HA    598.8 2.5e-01 -1.449e+03 2.3e+01 25.0  0.52590  0.00966  0.53968
L18CA-HA    598.8 2.5e-01 -1.419e+03 2.3e+01 25.0  0.53920  0.00966  0.53955
L18CA-HA    598.8 2.5e-01 -1.389e+03 2.3e+01 25.0  0.53320  0.00966  0.53940
L18CA-HA    598.8 2.5e-01 -1.359e+03 2.3e+01 25.0  0.51880  0.00966  0.53924
L18CA-HA    598.8 2.5e-01 -1.329e+03 2.3e+01 25.0  0.53700  0.00966  0.53906
L18CA-HA    598.8 2.5e-01 -1.299e+03 2.3e+01 25.0  0.51210  0.00966  0.53886
L18CA-HA    598.8 2.5e-01 -1.269e+03 2.3e+01 25.0  0.54080  0.00966  0.53863
L18CA-HA    598.8 2.5e-01 -1.239e+03 2.3e+01 25.0  0.54110  0.00966  0.53836
L18CA-HA    598.8 2.5e-01 -1.209e+03 2.3e+01 25.0  0.51890  0.00966  0.53807
L18CA-HA    598.8 2.5e-01 -1.179e+03 2.3e+01 25.0  0.54200  0.00966  0.53772
L18CA-HA    598.8 2.5e-01 -1.149e+03 2.3e+01 25.0  0.55180  0.00966  0.53733
L18CA-HA    598.8 2.5e-01 -1.119e+03 2.3e+01 25.0  0.53220  0.00966  0.53687
L18CA-HA    598.8 2.5e-01 -1.089e+03 2.3e+01 25.0  0.55060  0.00966  0.53633
L18CA-HA    598.8 2.5e-01 -1.059e+03 2.3e+01 25.0  0.53640  0.00966  0.53569
L18CA-HA    598.8 2.5e-01 -1.029e+03 2.3e+01 25.0  0.53940  0.00966  0.53493
L18CA-HA    598.8 2.5e-01 -9.990e+02 2.3e+01 25.0  0.53040  0.00966  0.53401
L18CA-HA    598.8 2.5e-01 -9.690e+02 2.3e+01 25.0  0.52740  0.00966  0.53288
L18CA-HA    598.8 2.5e-01 -9.390e+02 2.3e+01 25.0  0.54800  0.00966  0.53148
L18CA-HA    598.8 2.5e-01 -9.090e+02 2.3e+01 25.0  0.54690  0.00966  0.52972
L18CA-HA    598.8 2.5e-01 -8.790e+02 2.3e+01 25.0  0.50830  0.00966  0.52744
L18CA-HA    598.8 2.5e-01 -8.490e+02 2.3e+01 25.0  0.50790  0.00966  0.52444
L18CA-HA    598.8 2.5e-01 -8.190e+02 2.3e+01 25.0  0.50840  0.00966  0.52038
L18CA-HA    598.8 2.5e-01 -7.890e+02 2.3e+01 25.0  0.51360  0.00966  0.51471
L18CA-HA    598.8 2.5e-01 -7.590e+02 2.3e+01 25.0  0.52080  0.00966  0.50643
L18CA-HA    598.8 2.5e-01 -7.290e+02 2.3e+01 25.0  0.50950  0.00966  0.49376
L18CA-HA    598.8 2.5e-01 -6.990e+02 2.3e+01 25.0  0.48720  0.00966  0.47304
L18CA-HA    598.8 2.5e-01 -6.690e+02 2.3e+01 25.0  0.43390  0.00966  0.43654
L18CA-HA    598.8 2.5e-01 -6.390e+02 2.3e+01 25.0  0.37360  0.00966  0.36831
L18CA-HA    598.8 2.5e-01 -6.090e+02 2.3e+01 25.0  0.26430  0.00966  0.25807
L18CA-HA    598.8 2.5e-01 -5.790e+02 2.3e+01 25.0  0.13580  0.00966  0.14200
L18CA-HA    598.8 2.5e-01 -5.490e+02 2.3e+01 25.0  0.04070  0.00966  0.06137
L18CA-HA    598.8 2.5e-01 -5.190e+02 2.3e+01 25.0  0.05860  0.00966  0.05615
L18CA-HA    598.8 2.5e-01 -4.890e+02 2.3e+01 25.0  0.11780  0.00966  0.12789
L18CA-HA    598.8 2.5e-01 -4.590e+02 2.3e+01 25.0  0.20040  0.00966  0.20684
L18CA-HA    598.8 2.5e-01 -4.290e+02 2.3e+01 25.0  0.25220  0.00966  0.25008
L18CA-HA    598.8 2.5e-01 -3.990e+02 2.3e+01 25.0  0.25780  0.00966  0.24979
L18CA-HA    598.8 2.5e-01 -3.690e+02 2.3e+01 25.0  0.25610  0.00966  0.26671
L18CA-HA    598.8 2.5e-01 -3.390e+02 2.3e+01 25.0  0.35120  0.00966  0.34541
L18CA-HA    598.8 2.5e-01 -3.090e+02 2.3e+01 25.0  0.42010  0.00966  0.42250
L18CA-HA    598.8 2.5e-01 -2.790e+02 2.3e+01 25.0  0.48780  0.00966  0.49765
L18CA-HA    598.8 2.5e-01 -2.490e+02 2.3e+01 25.0  0.52410  0.00966  0.51832
L18CA-HA    598.8 2.5e-01 -2.190e+02 2.3e+01 25.0  0.52160  0.00966  0.52557
L18CA-HA    598.8 2.5e-01 -1.890e+02 2.3e+01 25.0  0.53900  0.00966  0.52921
L18CA-HA    598.8 2.5e-01 -1.590e+02 2.3e+01 25.0  0.52690  0.00966  0.53148
L18CA-HA    598.8 2.5e-01 -1.290e+02 2.3e+01 25.0  0.54950  0.00966  0.53306
L18CA-HA    598.8 2.5e-01 -9.900e+01 2.3e+01 25.0  0.54440  0.00966  0.53426
L18CA-HA    598.8 2.5e-01 -6.900e+01 2.3e+01 25.0  0.53800  0.00966  0.53519
L18CA-HA    598.8 2.5e-01 -3.900e+01 2.3e+01 25.0  0.53130  0.00966  0.53594
L18CA-HA    598.8 2.5e-01 -9.000e+00 2.3e+01 25.0  0.54550  0.00966  0.53656
L18CA-HA    598.8 2.5e-01 2.100e+01 2.3e+01 25.0  0.55090  0.00966  0.53708
L18CA-HA    598.8 2.5e-01 5.100e+01 2.3e+01 25.0  0.55070  0.00966  0.53752
L18CA-HA    598.8 2.5e-01 8.100e+01 2.3e+01 25.0  0.54290  0.00966  0.53789
L18CA-HA    598.8 2.5e-01 1.110e+02 2.3e+01 25.0  0.54320  0.00966  0.53822
L18CA-HA    598.8 2.5e-01 1.410e+02 2.3e+01 25.0  0.54630  0.00966  0.53850
L18CA-HA    598.8 2.5e-01 1.710e+02 2.3e+01 25.0  0.54410  0.00966  0.53875
L18CA-HA    598.8 2.5e-01 2.010e+02 2.3e+01 25.0  0.54030  0.00966  0.53897
L18CA-HA    598.8 2.5e-01 2.310e+02 2.3e+01 25.0  0.51590  0.00966  0.53916
L18CA-HA    598.8 2.5e-01 2.610e+02 2.3e+01 25.0  0.54330  0.00966  0.53933
L18CA-HA    598.8 2.5e-01 2.910e+02 2.3e+01 25.0  0.54040  0.00966  0.53948
L18CA-HA    598.8 2.5e-01 3.210e+02 2.3e+01 25.0  0.53340  0.00966  0.53962
L18CA-HA    598.8 2.5e-01 3.510e+02 2.3e+01 25.0  0.55080  0.00966  0.53975
L18CA-HA    598.8 2.5e-01 3.810e+02 2.3e+01 25.0  0.54810  0.00966  0.53986
L18CA-HA    598.8 2.5e-01 4.110e+02 2.3e+01 25.0  0.52970  0.00966  0.53996
L18CA-HA    598.8 2.5e-01 4.410e+02 2.3e+01 25.0  0.53680  0.00966  0.54006
L18CA-HA    598.8 2.5e-01 4.710e+02 2.3e+01 25.0  0.53900  0.00966  0.54014
L18CA-HA    598.8 2.5e-01 5.010e+02 2.3e+01 25.0  0.54140  0.00966  0.54022
L18CA-HA    598.8 2.5e-01 5.310e+02 2.3e+01 25.0  0.52740  0.00966  0.54029
L18CA-HA    598.8 2.5e-01 5.610e+02 2.3e+01 25.0  0.53810  0.00966  0.54036
L18CA-HA    598.8 2.5e-01 5.910e+02 2.3e+01 25.0  0.54890  0.00966  0.54042
L18CA-HA    598.8 2.5e-01 6.210e+02 2.3e+01 25.0  0.55480  0.00966  0.54047
L18CA-HA    598.8 2.5e-01 6.510e+02 2.3e+01 25.0  0.53960  0.00966  0.54052
L18CA-HA    598.8 2.5e-01 6.810e+02 2.3e+01 25.0  0.53500  0.00966  0.54057
L18CA-HA    598.8 2.5e-01 7.110e+02 2.3e+01 25.0  0.52960  0.00966  0.54062
L18CA-HA    598.8 2.5e-01 7.410e+02 2.3e+01 25.0  0.53140  0.00966  0.54066
L18CA-HA    598.8 2.5e-01 7.710e+02 2.3e+01 25.0  0.54320  0.00966  0.54070
L18CA-HA    598.8 2.5e-01 8.010e+02 2.3e+01 25.0  0.53160  0.00966  0.54074
L18CA-HA    598.8 2.5e-01 8.310e+02 2.3e+01 25.0  0.54170  0.00966  0.54077
L18CA-HA    598.8 2.5e-01 8.610e+02 2.3e+01 25.0  0.54010  0.00966  0.54080
L18CA-HA    598.8 2.5e-01 8.910e+02 2.3e+01 25.0  0.52860  0.00966  0.54083
L18CA-HA    598.8 2.5e-01 9.210e+02 2.3e+01 25.0  0.54450  0.00966  0.54086
L18CA-HA    598.8 2.5e-01 9.510e+02 2.3e+01 25.0  0.52650  0.00966  0.54089
L18CA-HA    598.8 2.5e-01 9.810e+02 2.3e+01 25.0  0.54150  0.00966  0.54091
L18CA-HA    598.8 2.5e-01 1.011e+03 2.3e+01 25.0  0.53450  0.00966  0.54094
L18CA-HA    598.8 2.5e-01 1.041e+03 2.3e+01 25.0  0.53690  0.00966  0.54096
L18CA-HA    598.8 2.5e-01 1.071e+03 2.3e+01 25.0  0.55380  0.00966  0.54098
L18CA-HA    598.8 2.5e-01 1.101e+03 2.3e+01 25.0  0.53240  0.00966  0.54100
L18CA-HA    598.8 2.5e-01 1.131e+03 2.3e+01 25.0  0.53510  0.00966  0.54102
L18CA-HA    598.8 2.5e-01 1.161e+03 2.3e+01 25.0  0.54090  0.00966  0.54104
L18CA-HA    598.8 2.5e-01 1.191e+03 2.3e+01 25.0  0.54640  0.00966  0.54105
L18CA-HA    598.8 2.5e-01 1.221e+03 2.3e+01 25.0  0.53990  0.00966  0.54107
L18CA-HA    598.8 2.5e-01 1.251e+03 2.3e+01 25.0  0.55100  0.00966  0.54108
L18CA-HA    598.8 2.5e-01 1.281e+03 2.3e+01 25.0  0.54030  0.00966  0.54110
L18CA-HA    598.8 2.5e-01 1.311e+03 2.3e+01 25.0  0.54680  0.00966  0.54111
L18CA-HA    598.8 2.5e-01 1.341e+03 2.3e+01 25.0  0.53050  0.00966  0.54113
L18CA-HA    598.8 2.5e-01 1.371e+03 2.3e+01 25.0  0.54150  0.00966  0.54114
L18CA-HA    598.8 2.5e-01 1.401e+03 2.3e+01 25.0  0.55710  0.00966  0.54115
L18CA-HA    598.8 2.5e-01 1.431e+03 2.3e+01 25.0  0.54380  0.00966  0.54116
K25CA-HA    598.8 2.5e-01 -1.200e+04 2.3e+01 25.0  1.00000  0.01141  1.00000
K25CA-HA    598.8 2.5e-01 -1.509e+03 2.3e+01 25.0  0.56510  0.01141  0.55920
K25CA-HA    598.8 2.5e-01 -1.479e+03 2.3e+01 25.0  0.55540  0.01141  0.55909
K25CA-HA    598.8 2.5e-01 -1.449e+03 2.3e+01 25.0  0.57020  0.01141  0.55897
K25CA-HA    598.8 2.5e-01 -1.419e+03 2.3e+01 25.0  0.56870  0.01141  0.55884
K25CA-HA    598.8 2.5e-01 -1.389e+03 2.3e+01 25.0  0.53680  0.01141  0.55870
K25CA-HA    598.8 2.5e-01 -1.359e+03 2.3e+01 25.0  0.56570  0.01141  0.55854
K25CA-HA    598.8 2.5e-01 -1.329e+03 2.3e+01 25.0  0.56420  0.01141  0.55836
K25CA-HA    598.8 2.5e-01 -1.299e+03 2.3e+01 25.0  0.54960  0.01141  0.55816
K25CA-HA    598.8 2.5e-01 -1.269e+03 2.3e+01 25.0  0.53670  0.01141  0.55793
K25CA-HA    598.8 2.5e-01 -1.239e+03 2.3e+01 25.0  0.55780  0.01141  0.55767
K25CA-HA    598.8 2.5e-01 -1.209e+03 2.3e+01 25.0  0.55500  0.01141  0.55738
K25CA-HA    598.8 2.5e-01 -1.179e+03 2.3e+01 25.0  0.55750  0.01141  0.55704
K25CA-HA    598.8 2.5e-01 -1.149e+03 2.3e+01 25.0  0.55050  0.01141  0.55666
K25CA-HA    598.8 2.5e-01 -1.119e+03 2.3e+01 25.0  0.56050  0.01141  0.55621
K25CA-HA    598.8 2.5e-01 -1.089e+03 2.3e+01 25.0  0.55650  0.01141  0.55569
K25CA-HA    598.8 2.5e-01 -1.059e+03 2.3e+01 25.0  0.56200  0.01141  0.55507
K25CA-HA    598.8 2.5e-01 -1.029e+03 2.3e+01 25.0  0.53640  0.01141  0.55433
K25CA-HA    598.8 2.5e-01 -9.990e+02 2.3e+01 25.0  0.55330  0.01141  0.55345
K25CA-HA    598.8 2.5e-01 -9.690e+02 2.3e+01 25.0  0.54530  0.01141  0.55237
K25CA-HA    598.8 2.5e-01 -9.390e+02 2.3e+01 25.0  0.53660  0.01141  0.55104
K25CA-HA    598.8 2.5e-01 -9.090e+02 2.3e+01 25.0  0.54080  0.01141  0.54937
K25CA-HA    598.8 2.5e-01 -8.790e+02 2.3e+01 25.0  0.54680  0.01141  0.54723
K25CA-HA    598.8 2.5e-01 -8.490e+02 2.3e+01 25.0  0.57360  0.01141  0.54442
K25CA-HA    598.8 2.5e-01 -8.190e+02 2.3e+01 25.0  0.54500  0.01141  0.54067
K25CA-HA    598.8 2.5e-01 -7.890e+02 2.3e+01 25.0  0.53770  0.01141  0.53544
K25CA-HA    598.8 2.5e-01 -7.590e+02 2.3e+01 25.0  0.52480  0.01141  0.52793
K25CA-HA    598.8 2.5e-01 -7.290e+02 2.3e+01 25.0  0.52180  0.01141  0.51651
K25CA-HA    598.8 2.5e-01 -6.990e+02 2.3e+01 25.0  0.51170  0.01141  0.49818
K25CA-HA    598.8 2.5e-01 -6.690e+02 2.3e+01 25.0  0.46490  0.01141  0.46628
K25CA-HA    598.8 2.5e-01 -6.390e+02 2.3e+01 25.0  0.41310  0.01141  0.40655
K25CA-HA    598.8 2.5e-01 -6.090e+02 2.3e+01 25.0  0.30840  0.01141  0.30067
K25CA-HA    598.8 2.5e-01 -5.790e+02 2.3e+01 25.0  0.17290  0.01141  0.18025
K25CA-HA    598.8 2.5e-01 -5.490e+02 2.3e+01 25.0  0.07180  0.01141  0.07872
K25CA-HA    598.8 2.5e-01 -5.190e+02 2.3e+01 25.0  0.05180  0.01141  0.06504
K25CA-HA    598.8 2.5e-01 -4.890e+02 2.3e+01 25.0  0.13440  0.01141  0.13724
K25CA-HA    598.8 2.5e-01 -4.590e+02 2.3e+01 25.0  0.24380  0.01141  0.24023
K25CA-HA    598.8 2.5e-01 -4.290e+02 2.3e+01 25.0  0.33830  0.01141  0.33337
K25CA-HA    598.8 2.5e-01 -3.990e+02 2.3e+01 25.0  0.38530  0.01141  0.38249
K25CA-HA    598.8 2.5e-01 -3.690e+02 2.3e+01 25.0  0.37090  0.01141  0.39154
K25CA-HA    598.8 2.5e-01 -3.390e+02 2.3e+01 25.0  0.36890  0.01141  0.36149
K25CA-HA    598.8 2.5e-01 -3.090e+02 2.3e+01 25.0  0.29450  0.01141  0.31433
K25CA-HA    598.8 2.5e-01 -2.790e+02 2.3e+01 25.0  0.29680  0.01141  0.29730
K25CA-HA    598.8 2.5e-01 -2.490e+02 2.3e+01 25.0  0.32590  0.01141  0.33691
K25CA-HA    598.8 2.5e-01 -2.190e+02 2.3e+01 25.0  0.40240  0.01141  0.40877
K25CA-HA    598.8 2.5e-01 -1.890e+02 2.3e+01 25.0  0.47790  0.01141  0.48230
K25CA-HA    598.8 2.5e-01 -1.590e+02 2.3e+01 25.0  0.53220  0.01141  0.51873
K25CA-HA    598.8 2.5e-01 -1.290e+02 2.3e+01 25.0  0.54680  0.01141  0.53458
K25CA-HA    598.8 2.5e-01 -9.900e+01 2.3e+01 25.0  0.53360  0.01141  0.54251
K25CA-HA    598.8 2.5e-01 -6.900e+01 2.3e+01 25.0  0.55780  0.01141  0.54707
K25CA-HA    598.8 2.5e-01 -3.900e+01 2.3e+01 25.0  0.54260  0.01141  0.54995
K25CA-HA    598.8 2.5e-01 -9.000e+00 2.3e+01 25.0  0.55500  0.01141  0.55193
K25CA-HA    598.8 2.5e-01 2.100e+01 2.3e+01 25.0  0.55350  0.01141  0.55335
K25CA-HA    598.8 2.5e-01 5.100e+01 2.3e+01 25.0  0.55030  0.01141  0.55443
K25CA-HA    598.8 2.5e-01 8.100e+01 2.3e+01 25.0  0.55930  0.01141  0.55526
K25CA-HA    598.8 2.5e-01 1.110e+02 2.3e+01 25.0  0.56330  0.01141  0.55593
K25CA-HA    598.8 2.5e-01 1.410e+02 2.3e+01 25.0  0.57870  0.01141  0.55647
K25CA-HA    598.8 2.5e-01 1.710e+02 2.3e+01 25.0  0.54910  0.01141  0.55693
K25CA-HA    598.8 2.5e-01 2.010e+02 2.3e+01 25.0  0.55340  0.01141  0.55731
K25CA-HA    598.8 2.5e-01 2.310e+02 2.3e+01 25.0  0.56970  0.01141  0.55763
K25CA-HA    598.8 2.5e-01 2.610e+02 2.3e+01 25.0  0.57550  0.01141  0.55791
K25CA-HA    598.8 2.5e-01 2.910e+02 2.3e+01 25.0  0.56050  0.01141  0.55815
K25CA-HA    598.8 2.5e-01 3.210e+02 2.3e+01 25.0  0.56340  0.01141  0.55837
K25CA-HA    598.8 2.5e-01 3.510e+02 2.3e+01 25.0  0.55210  0.01141  0.55855
K25CA-HA    598.8 2.5e-01 3.810e+02 2.3e+01 25.0  0.55080  0.01141  0.55872
K25CA-HA    598.8 2.5e-01 4.110e+02 2.3e+01 25.0  0.55830  0.01141  0.55887
K25CA-HA    598.8 2.5e-01 4.410e+02 2.3e+01 25.0  0.54190  0.01141  0.55900
K25CA-HA    598.8 2.5e-01 4.710e+02 2.3e+01 25.0  0.58080  0.01141  0.55912
K25CA-HA    598.8 2.5e-01 5.010e+02 2.3e+01 25.0  0.54750  0.01141  0.55923
K25CA-HA    598.8 2.5e-01 5.310e+02 2.3e+01 25.0  0.54480  0.01141  0.55933
K25CA-HA    598.8 2.5e-01 5.610e+02 2.3e+01 25.0  0.55300  0.01141  0.55942
K25CA-HA    598.8 2.5e-01 5.910e+02 2.3e+01 25.0  0.54950  0.01141  0.55950
K25CA-HA    598.8 2.5e-01 6.210e+02 2.3e+01 25.0  0.55080  0.01141  0.55957
K25CA-HA    598.8 2.5e-01 6.510e+02 2.3e+01 25.0  0.54660  0.01141  0.55964
K25CA-HA    598.8 2.5e-01 6.810e+02 2.3e+01 25.0  0.56060  0.01141  0.55970
K25CA-HA    598.8 2.5e-01 7.110e+02 2.3e+01 25.0  0.54550  0.01141  0.55976
K25CA-HA    598.8 2.5e-01 7.410e+02 2.3e+01 25.0  0.56180  0.01141  0.55982
K25CA-HA    598.8 2.5e-01 7.710e+02 2.3e+01 25.0  0.56750  0.01141  0.55987
K25CA-HA    598.8 2.5e-01 8.010e+02 2.3e+01 25.0  0.54990  0.01141  0.55991
K25CA-HA    598.8 2.5e-01 8.310e+02 2.3e+01 25.0  0.56800  0.01141  0.55996
K25CA-HA    598.8 2.5e-01 8.610e+02 2.3e+01 25.0  0.54190  0.01141  0.56000
K25CA-HA    598.8 2.5e-01 8.910e+02 2.3e+01 25.0  0.53400  0.01141  0.56004
K25CA-HA    598.8 2.5e-01 9.210e+02 2.3e+01 25.0  0.56070  0.01141  0.56007
K25CA-HA    598.8 2.5e-01 9.510e+02 2.3e+01 25.0  0.55720  0.01141  0.56010
K25CA-HA    598.8 2.5e-01 9.810e+02 2.3e+01 25.0  0.56940  0.01141  0.56014
K25CA-HA    598.8 2.5e-01 1.011e+03 2.3e+01 25.0  0.56650  0.01141  0.56016
K25CA-HA    598.8 2.5e-01 1.041e+03 2.3e+01 25.0  0.57680  0.01141  0.56019
K25CA-HA    598.8 2.5e-01 1.071e+03 2.3e+01 25.0  0.54860  0.01141  0.56022
K25CA-HA    598.8 2.5e-01 1.101e+03 2.3e+01 25.0  0.55670  0.01141  0.56024
K25CA-HA    598.8 2.5e-01 1.131e+03 2.3e+01 25.0  0.57310  0.01141  0.56027
K25CA-HA    598.8 2.5e-01 1.161e+03 2.3e+01 25.0  0.54340  0.01141  0.56029
K25CA-HA    598.8 2.5e-01 1.191e+03 2.3e+01 25.0  0.55420  0.01141  0.56031
K25CA-HA    598.8 2.5e-01 1.221e+03 2.3e+01 25.0  0.57030  0.01141  0.56033
K25CA-HA    598.8 2.5e-01 1.251e+03 2.3e+01 25.0  0.56860  0.01141  0.56035
K25CA-HA    598.8 2.5e-01 1.281e+03 2.3e+01 25.0  0.58460  0.01141  0.56036
K25CA-HA    598.8 2.5e-01 1.311e+03 2.3e+01 25.0  0.57480  0.01141  0.56038
K25CA-HA    598.8 2.5e-01 1.341e+03 2.3e+01 25.0  0.55680  0.01141  0.56040
K25CA-HA    598.8 2.5e-01 1.371e+03 2.3e+01 25.0  0.57120  0.01141  0.56041
K25CA-HA    598.8 2.5e-01 1.401e+03 2.3e+01 25.0  0.56720  0.01141  0.56043
K25CA-HA    598.8 2.5e-01 1.431e+03 2.3e+01 25.0  0.57110  0.01141  0.56044
I28CA-HA    598.8 2.5e-01 -1.200e+04 2.3e+01 25.0  1.00000  0.00899  1.00000
I28CA-HA    598.8 2.5e-01 -1.509e+03 2.3e+01 25.0  0.61570  0.00899  0.60881
I28CA-HA    598.8 2.5e-01 -1.479e+03 2.3e+01 25.0  0.57910  0.00899  0.60879
I28CA-HA    598.8 2.5e-01 -1.449e+03 2.3e+01 25.0  0.60830  0.00899  0.60877
I28CA-HA    598.8 2.5e-01 -1.419e+03 2.3e+01 25.0  0.61470  0.00899  0.60875
I28CA-HA    598.8 2.5e-01 -1.389e+03 2.3e+01 25.0  0.60410  0.00899  0.60872
I28CA-HA    598.8 2.5e-01 -1.359e+03 2.3e+01 25.0  0.60940  0.00899  0.60870
I28CA-HA    598.8 2.5e-01 -1.329e+03 2.3e+01 25.0  0.62150  0.00899  0.60867
I28CA-HA    598.8 2.5e-01 -1.299e+03 2.3e+01 25.0  0.61030  0.00899  0.60865
I28CA-HA    598.8 2.5e-01 -1.269e+03 2.3e+01 25.0  0.62790  0.00899  0.60862
I28CA-HA    598.8 2.5e-01 -1.239e+03 2.3e+01 25.0  0.61980  0.00899  0.60859
I28CA-HA    598.8 2.5e-01 -1.209e+03 2.3e+01 25.0  0.62060  0.00899  0.60855
I28CA-HA    598.8 2.5e-01 -1.179e+03 2.3e+01 25.0  0.61730  0.00899  0.60852
I28CA-HA    598.8 2.5e-01 -1.149e+03 2.3e+01 25.0  0.61140  0.00899  0.60848
I28CA-HA    598.8 2.5e-01 -1.119e+03 2.3e+01 25.0  0.60140  0.00899  0.60844
I28CA-HA    598.8 2.5e-01 -1.089e+03 2.3e+01 25.0  0.61160  0.00899  0.60840
I28CA-HA    598.8 2.5e-01 -1.059e+03 2.3e+01 25.0  0.60400  0.00899  0.60835
I28CA-HA    598.8 2.5e-01 -1.029e+03 2.3e+01 25.0  0.60730  0.00899  0.60830
I28CA-HA    598.8 2.5e-01 -9.990e+02 2.3e+01 25.0  0.59940  0.00899  0.60825
I28CA-HA    598.8 2.5e-01 -9.690e+02 2.3e+01 25.0  0.60430  0.00899  0.60819
I28CA-HA    598.8 2.5e-01 -9.390e+02 2.3e+01 25.0  0.59550  0.00899  0.60813
I28CA-HA    598.8 2.5e-01 -9.090e+02 2.3e+01 25.0  0.61850  0.00899  0.60807
I28CA-HA    598.8 2.5e-01 -8.790e+02 2.3e+01 25.0  0.59610  0.00899  0.60800
I28CA-HA    598.8 2.5e-01 -8.490e+02 2.3e+01 25.0  0.61440  0.00899  0.60792
I28CA-HA    598.8 2.5e-01 -8.190e+02 2.3e+01 25.0  0.60660  0.00899  0.60783
I28CA-HA    598.8 2.5e-01 -7.890e+02 2.3e+01 25.0  0.60890  0.00899  0.60774
I28CA-HA    598.8 2.5e-01 -7.590e+02 2.3e+01 25.0  0.60610  0.00899  0.60764
I28CA-HA    598.8 2.5e-01 -7.290e+02 2.3e+01 25.0  0.60930  0.00899  0.60753
I28CA-HA    598.8 2.5e-01 -6.990e+02 2.3e+01 25.0  0.60480  0.00899  0.60741
I28CA-HA    598.8 2.5e-01 -6.690e+02 2.3e+01 25.0  0.60990  0.00899  0.60727
I28CA-HA    598.8 2.5e-01 -6.390e+02 2.3e+01 25.0  0.60470  0.00899  0.60712
I28CA-HA    598.8 2.5e-01 -6.090e+02 2.3e+01 25.0  0.60520  0.00899  0.60695
I28CA-HA    598.8 2.5e-01 -5.790e+02 2.3e+01 25.0  0.61820  0.00899  0.60677
I28CA-HA    598.8 2.5e-01 -5.490e+02 2.3e+01 25.0  0.61400  0.00899  0.60656
I28CA-HA    598.8 2.5e-01 -5.190e+02 2.3e+01 25.0  0.61550  0.00899  0.60633
I28CA-HA    598.8 2.5e-01 -4.890e+02 2.3e+01 25.0  0.61270  0.00899  0.60606
I28CA-HA    598.8 2.5e-01 -4.590e+02 2.3e+01 25.0  0.60730  0.00899  0.60576
I28CA-HA    598.8 2.5e-01 -4.290e+02 2.3e+01 25.0  0.60120  0.00899  0.60542
I28CA-HA    598.8 2.5e-01 -3.990e+02 2.3e+01 25.0  0.60460  0.00899  0.60503
I28CA-HA    598.8 2.5e-01 -3.690e+02 2.3e+01 25.0  0.60000  0.00899  0.60456
I28CA-HA    598.8 2.5e-01 -3.390e+02 2.3e+01 25.0  0.59300  0.00899  0.60403
I28CA-HA    598.8 2.5e-01 -3.090e+02 2.3e+01 25.0  0.61380  0.00899  0.60340
I28CA-HA    598.8 2.5e-01 -2.790e+02 2.3e+01 25.0  0.58110  0.00899  0.60265
I28CA-HA    598.8 2.5e-01 -2.490e+02 2.3e+01 25.0  0.59420  0.00899  0.60175
I28CA-HA    598.8 2.5e-01 -2.190e+02 2.3e+01 25.0  0.60840  0.00899  0.60066
I28CA-HA    598.8 2.5e-01 -1.890e+02 2.3e+01 25.0  0.60090  0.00899  0.59931
I28CA-HA    598.8 2.5e-01 -1.590e+02 2.3e+01 25.0  0.60540  0.00899  0.59763
I28CA-HA    598.8 2.5e-01 -1.290e+02 2.3e+01 25.0  0.59090  0.00899  0.59547
I28CA-HA    598.8 2.5e-01 -9.900e+01 2.3e+01 25.0  0.58380  0.00899  0.59267
I28CA-HA    598.8 2.5e-01 -6.900e+01 2.3e+01 25.0  0.59650  0.00899  0.58892
I28CA-HA    598.8 2.5e-01 -3.900e+01 2.3e+01 25.0  0.58000  0.00899  0.58377
I28CA-HA    598.8 2.5e-01 -9.000e+00 2.3e+01 25.0  0.58260  0.00899  0.57641
I28CA-HA    598.8 2.5e-01 2.100e+01 2.3e+01 25.0  0.56480  0.00899  0.56538
I28CA-HA    598.8 2.5e-01 5.100e+01 2.3e+01 25.0  0.54800  0.00899  0.54791
I28CA-HA    598.8 2.5e-01 8.100e+01 2.3e+01 25.0  0.51850  0.00899  0.51801
I28CA-HA    598.8 2.5e-01 1.110e+02 2.3e+01 25.0  0.46410  0.00899  0.46274
I28CA-HA    598.8 2.5e-01 1.410e+02 2.3e+01 25.0  0.38650  0.00899  0.35990
I28CA-HA    598.8 2.5e-01 1.710e+02 2.3e+01 25.0  0.20610  0.00899  0.22910
I28CA-HA    598.8 2.5e-01 2.010e+02 2.3e+01 25.0  0.10860  0.00899  0.10308
I28CA-HA    598.8 2.5e-01 2.310e+02 2.3e+01 25.0  0.05740  0.00899  0.06808
I28CA-HA    598.8 2.5e-01 2.610e+02 2.3e+01 25.0  0.12050  0.00899  0.11818
I28CA-HA    598.8 2.5e-01 2.910e+02 2.3e+01 25.0  0.22440  0.00899  0.22625
I28CA-HA    598.8 2.5e-01 3.210e+02 2.3e+01 25.0  0.32660  0.00899  0.32783
I28CA-HA    598.8 2.5e-01 3.510e+02 2.3e+01 25.0  0.36870  0.00899  0.38221
I28CA-HA    598.8 2.5e-01 3.810e+02 2.3e+01 25.0  0.38050  0.00899  0.37733
I28CA-HA    598.8 2.5e-01 4.110e+02 2.3e+01 25.0  0.34490  0.00899  0.33214
I28CA-HA    598.8 2.5e-01 4.410e+02 2.3e+01 25.0  0.31040  0.00899  0.31590
I28CA-HA    598.8 2.5e-01 4.710e+02 2.3e+01 25.0  0.35760  0.00899  0.35563
I28CA-HA    598.8 2.5e-01 5.010e+02 2.3e+01 25.0  0.43590  0.00899  0.43576
I28CA-HA    598.8 2.5e-01 5.310e+02 2.3e+01 25.0  0.52260  0.00899  0.52468
I28CA-HA    598.8 2.5e-01 5.610e+02 2.3e+01 25.0  0.58120  0.00899  0.56711
I28CA-HA    598.8 2.5e-01 5.910e+02 2.3e+01 25.0  0.58130  0.00899  0.58361
I28CA-HA    598.8 2.5e-01 6.210e+02 2.3e+01 25.0  0.58380  0.00899  0.59139
I28CA-HA    598.8 2.5e-01 6.510e+02 2.3e+01 25.0  0.58540  0.00899  0.59575
I28CA-HA    598.8 2.5e-01 6.810e+02 2.3e+01 25.0  0.59810  0.00899  0.59850
I28CA-HA    598.8 2.5e-01 7.110e+02 2.3e+01 25.0  0.60640  0.00899  0.60038
I28CA-HA    598.8 2.5e-01 7.410e+02 2.3e+01 25.0  0.59310  0.00899  0.60176
I28CA-HA    598.8 2.5e-01 7.710e+02 2.3e+01 25.0  0.60550  0.00899  0.60280
I28CA-HA    598.8 2.5e-01 8.010e+02 2.3e+01 25.0  0.61310  0.00899  0.60362
I28CA-HA    598.8 2.5e-01 8.310e+02 2.3e+01 25.0  0.59840  0.00899  0.60428
I28CA-HA    598.8 2.5e-01 8.610e+02 2.3e+01 25.0  0.60450  0.00899  0.60482
I28CA-HA    598.8 2.5e-01 8.910e+02 2.3e+01 25.0  0.61580  0.00899  0.60528
I28CA-HA    598.8 2.5e-01 9.210e+02 2.3e+01 25.0  0.60000  0.00899  0.60566
I28CA-HA    598.8 2.5e-01 9.510e+02 2.3e+01 25.0  0.60100  0.00899  0.60599
I28CA-HA    598.8 2.5e-01 9.810e+02 2.3e+01 25.0  0.60310  0.00899  0.60628
I28CA-HA    598.8 2.5e-01 1.011e+03 2.3e+01 25.0  0.60930  0.00899  0.60653
I28CA-HA    598.8 2.5e-01 1.041e+03 2.3e+01 25.0  0.60820  0.00899  0.60675
I28CA-HA    598.8 2.5e-01 1.071e+03 2.3e+01 25.0  0.60440  0.00899  0.60694
I28CA-HA    598.8 2.5e-01 1.101e+03 2.3e+01 25.0  0.61770  0.00899  0.60711
I28CA-HA    598.8 2.5e-01 1.131e+03 2.3e+01 25.0  0.59460  0.00899  0.60727
I28CA-HA    598.8 2.5e-01 1.161e+03 2.3e+01 25.0  0.61650  0.00899  0.60741
I28CA-HA    598.8 2.5e-01 1.191e+03 2.3e+01 25.0  0.60110  0.00899  0.60753
I28CA-HA    598.8 2.5e-01 1.221e+03 2.3e+01 25.0  0.60460  0.00899  0.60764
I28CA-HA    598.8 2.5e-01 1.251e+03 2.3e+01 25.0  0.60080  0.00899  0.60775
I28CA-HA    598.8 2.5e-01 1.281e+03 2.3e+01 25.0  0.62140  0.00899  0.60784
I28CA-HA    598.8 2.5e-01 1.311e+03 2.3e+01 25.0  0.60820  0.00899  0.60792
I28CA-HA    598.8 2.5e-01 1.341e+03 2.3e+01 25.0  0.60560  0.00899  0.60800
I28CA-HA    598.8 2.5e-01 1.371e+03 2.3e+01 25.0  0.59900  0.00899  0.60807
I28CA-HA    598.8 2.5e-01 1.401e+03 2.3e+01 25.0  0.59730  0.00899  0.60814
I28CA-HA    598.8 2.5e-01 1.431e+03 2.3e+01 25.0  0.60270  0.00899  0.60820
