8n-hn   800.0 3.0e-02    0 25.0    1.00000    0.00833    1.00022
8n-hn   800.0 3.0e-02   30 25.0    0.86346    0.00793    0.86555
8n-hn   800.0 3.0e-02    1 25.0    0.61997    0.00732    0.61523
8n-hn   800.0 3.0e-02   27 25.0    0.87029    0.00795    0.86533
8n-hn   800.0 3.0e-02    2 25.0    0.67807    0.00745    0.67737
8n-hn   800.0 3.0e-02   24 25.0    0.86705    0.00794    0.86456
8n-hn   800.0 3.0e-02    3 25.0    0.73523    0.00759    0.73053
8n-hn   800.0 3.0e-02   21 25.0    0.86935    0.00795    0.86372
8n-hn   800.0 3.0e-02    4 25.0    0.77194    0.00768    0.76950
8n-hn   800.0 3.0e-02   18 25.0    0.86119    0.00792    0.86195
8n-hn   800.0 3.0e-02    5 25.0    0.80448    0.00777    0.79736
8n-hn   800.0 3.0e-02   15 25.0    0.86143    0.00792    0.85907
8n-hn   800.0 3.0e-02    6 25.0    0.79992    0.00776    0.81509
8n-hn   800.0 3.0e-02   12 25.0    0.85625    0.00791    0.85336
8n-hn   800.0 3.0e-02    7 25.0    0.81937    0.00781    0.82645
8n-hn   800.0 3.0e-02   10 25.0    0.84374    0.00787    0.84653
8n-hn   800.0 3.0e-02    8 25.0    0.82714    0.00783    0.83515
8n-hn   800.0 3.0e-02    4 25.0    0.76995    0.00768    0.76950
8n-hn   800.0 3.0e-02    1 25.0    0.61910    0.00732    0.61523
8n-hn   800.0 3.0e-02   27 25.0    0.86111    0.00792    0.86533
9n-hn   800.0 3.0e-02    0 25.0    1.00000    0.00542    1.00003
9n-hn   800.0 3.0e-02   30 25.0    0.86931    0.00520    0.87273
9n-hn   800.0 3.0e-02    1 25.0    0.82482    0.00513    0.82417
9n-hn   800.0 3.0e-02   27 25.0    0.87280    0.00520    0.87266
9n-hn   800.0 3.0e-02    2 25.0    0.84320    0.00516    0.83985
9n-hn   800.0 3.0e-02   24 25.0    0.87448    0.00521    0.87255
9n-hn   800.0 3.0e-02    3 25.0    0.85462    0.00518    0.85160
9n-hn   800.0 3.0e-02   21 25.0    0.87457    0.00521    0.87241
9n-hn   800.0 3.0e-02    4 25.0    0.86360    0.00519    0.85878
9n-hn   800.0 3.0e-02   18 25.0    0.86701    0.00519    0.87218
9n-hn   800.0 3.0e-02    5 25.0    0.86419    0.00519    0.86313
9n-hn   800.0 3.0e-02   15 25.0    0.87870    0.00521    0.87180
9n-hn   800.0 3.0e-02    6 25.0    0.86658    0.00519    0.86582
9n-hn   800.0 3.0e-02   12 25.0    0.86548    0.00519    0.87111
9n-hn   800.0 3.0e-02    7 25.0    0.86190    0.00519    0.86759
9n-hn   800.0 3.0e-02   10 25.0    0.87156    0.00520    0.87028
9n-hn   800.0 3.0e-02    8 25.0    0.86492    0.00519    0.86880
9n-hn   800.0 3.0e-02    4 25.0    0.85890    0.00518    0.85878
9n-hn   800.0 3.0e-02    1 25.0    0.82237    0.00513    0.82417
9n-hn   800.0 3.0e-02   27 25.0    0.87226    0.00520    0.87266
10n-hn  800.0 3.0e-02    0 25.0    1.00000    0.00508    1.00008
10n-hn  800.0 3.0e-02   30 25.0    0.85814    0.00508    0.86275
10n-hn  800.0 3.0e-02    1 25.0    0.71987    0.00508    0.72288
10n-hn  800.0 3.0e-02   27 25.0    0.86324    0.00508    0.86255
10n-hn  800.0 3.0e-02    2 25.0    0.76727    0.00508    0.76344
10n-hn  800.0 3.0e-02   24 25.0    0.86467    0.00508    0.86226
10n-hn  800.0 3.0e-02    3 25.0    0.79970    0.00508    0.79591
10n-hn  800.0 3.0e-02   21 25.0    0.86111    0.00508    0.86182
10n-hn  800.0 3.0e-02    4 25.0    0.81317    0.00508    0.81781
10n-hn  800.0 3.0e-02   18 25.0    0.85688    0.00508    0.86113
10n-hn  800.0 3.0e-02    5 25.0    0.83230    0.00508    0.83176
10n-hn  800.0 3.0e-02   15 25.0    0.85963    0.00508    0.85996
10n-hn  800.0 3.0e-02    6 25.0    0.84892    0.00508    0.84057
10n-hn  800.0 3.0e-02   12 25.0    0.85555    0.00508    0.85778
10n-hn  800.0 3.0e-02    7 25.0    0.85299    0.00508    0.84637
10n-hn  800.0 3.0e-02   10 25.0    0.85639    0.00508    0.85512
10n-hn  800.0 3.0e-02    8 25.0    0.84928    0.00508    0.85031
10n-hn  800.0 3.0e-02    4 25.0    0.81527    0.00508    0.81781
10n-hn  800.0 3.0e-02    1 25.0    0.71998    0.00508    0.72288
10n-hn  800.0 3.0e-02   27 25.0    0.86114    0.00508    0.86255
11n-hn  800.0 3.0e-02    0 25.0    1.00000    0.00405    0.99995
11n-hn  800.0 3.0e-02   30 25.0    0.86324    0.00405    0.86173
11n-hn  800.0 3.0e-02    1 25.0    0.80542    0.00405    0.80022
11n-hn  800.0 3.0e-02   27 25.0    0.85875    0.00405    0.86160
11n-hn  800.0 3.0e-02    2 25.0    0.81999    0.00405    0.81854
11n-hn  800.0 3.0e-02   24 25.0    0.85854    0.00405    0.86165
11n-hn  800.0 3.0e-02    3 25.0    0.83334    0.00405    0.83280
11n-hn  800.0 3.0e-02   21 25.0    0.86355    0.00405    0.86128
11n-hn  800.0 3.0e-02    4 25.0    0.83478    0.00405    0.84184
11n-hn  800.0 3.0e-02   18 25.0    0.86790    0.00405    0.86061
11n-hn  800.0 3.0e-02    5 25.0    0.84224    0.00405    0.84614
11n-hn  800.0 3.0e-02   15 25.0    0.85679    0.00405    0.85926
11n-hn  800.0 3.0e-02    6 25.0    0.85265    0.00405    0.84980
11n-hn  800.0 3.0e-02   12 25.0    0.86113    0.00405    0.85707
11n-hn  800.0 3.0e-02    7 25.0    0.84744    0.00405    0.85219
11n-hn  800.0 3.0e-02   10 25.0    0.86339    0.00405    0.85560
11n-hn  800.0 3.0e-02    8 25.0    0.85312    0.00405    0.85388
11n-hn  800.0 3.0e-02    4 25.0    0.83905    0.00405    0.84184
11n-hn  800.0 3.0e-02    1 25.0    0.79856    0.00405    0.80022
11n-hn  800.0 3.0e-02   27 25.0    0.85806    0.00405    0.86160
12n-hn  800.0 3.0e-02    0 25.0    1.00000    0.00480    0.99991
12n-hn  800.0 3.0e-02   30 25.0    0.86991    0.00457    0.87333
12n-hn  800.0 3.0e-02    1 25.0    0.82906    0.00450    0.83216
12n-hn  800.0 3.0e-02   27 25.0    0.87183    0.00457    0.87356
12n-hn  800.0 3.0e-02    2 25.0    0.84394    0.00452    0.84506
12n-hn  800.0 3.0e-02   24 25.0    0.86849    0.00457    0.87350
12n-hn  800.0 3.0e-02    3 25.0    0.85742    0.00454    0.85431
12n-hn  800.0 3.0e-02   21 25.0    0.87907    0.00458    0.87363
12n-hn  800.0 3.0e-02    4 25.0    0.86472    0.00455    0.86030
12n-hn  800.0 3.0e-02   18 25.0    0.87506    0.00458    0.87345
12n-hn  800.0 3.0e-02    5 25.0    0.86676    0.00456    0.86393
12n-hn  800.0 3.0e-02   15 25.0    0.87535    0.00457    0.87317
12n-hn  800.0 3.0e-02    6 25.0    0.86654    0.00456    0.86612
12n-hn  800.0 3.0e-02   12 25.0    0.86774    0.00456    0.87221
12n-hn  800.0 3.0e-02    7 25.0    0.86183    0.00455    0.86749
12n-hn  800.0 3.0e-02   10 25.0    0.87677    0.00457    0.87096
12n-hn  800.0 3.0e-02    8 25.0    0.86884    0.00456    0.86895
12n-hn  800.0 3.0e-02    4 25.0    0.86581    0.00455    0.86030
12n-hn  800.0 3.0e-02    1 25.0    0.83011    0.00450    0.83216
12n-hn  800.0 3.0e-02   27 25.0    0.86889    0.00457    0.87356
13n-hn  800.0 3.0e-02    0 25.0    1.00000    0.00576    0.99959
13n-hn  800.0 3.0e-02   30 25.0    0.88083    0.00576    0.87318
13n-hn  800.0 3.0e-02    1 25.0    0.81704    0.00576    0.82487
13n-hn  800.0 3.0e-02   27 25.0    0.86442    0.00576    0.87308
13n-hn  800.0 3.0e-02    2 25.0    0.84850    0.00576    0.83966
13n-hn  800.0 3.0e-02   24 25.0    0.86265    0.00576    0.87315
13n-hn  800.0 3.0e-02    3 25.0    0.85630    0.00576    0.85046
13n-hn  800.0 3.0e-02   21 25.0    0.87295    0.00576    0.87286
13n-hn  800.0 3.0e-02    4 25.0    0.85685    0.00576    0.85763
13n-hn  800.0 3.0e-02   18 25.0    0.87095    0.00576    0.87232
13n-hn  800.0 3.0e-02    5 25.0    0.85982    0.00576    0.86082
13n-hn  800.0 3.0e-02   15 25.0    0.87366    0.00576    0.87120
13n-hn  800.0 3.0e-02    6 25.0    0.86707    0.00576    0.86371
13n-hn  800.0 3.0e-02   12 25.0    0.87001    0.00576    0.86938
13n-hn  800.0 3.0e-02    7 25.0    0.86097    0.00576    0.86551
13n-hn  800.0 3.0e-02   10 25.0    0.87461    0.00576    0.86817
13n-hn  800.0 3.0e-02    8 25.0    0.87200    0.00576    0.86683
13n-hn  800.0 3.0e-02    4 25.0    0.85658    0.00576    0.85763
13n-hn  800.0 3.0e-02    1 25.0    0.82235    0.00576    0.82487
13n-hn  800.0 3.0e-02   27 25.0    0.87035    0.00576    0.87308
14n-hn  800.0 3.0e-02    0 25.0    1.00000    0.01329    1.00043
14n-hn  800.0 3.0e-02   30 25.0    0.87599    0.01238    0.87910
14n-hn  800.0 3.0e-02    1 25.0    0.54528    0.01056    0.55006
14n-hn  800.0 3.0e-02   27 25.0    0.88150    0.01242    0.87847
14n-hn  800.0 3.0e-02    2 25.0    0.61127    0.01089    0.61662
14n-hn  800.0 3.0e-02   24 25.0    0.87856    0.01242    0.87722
14n-hn  800.0 3.0e-02    3 25.0    0.68525    0.01129    0.68031
14n-hn  800.0 3.0e-02   21 25.0    0.88370    0.01246    0.87564
14n-hn  800.0 3.0e-02    4 25.0    0.73225    0.01156    0.73423
14n-hn  800.0 3.0e-02   18 25.0    0.87315    0.01238    0.87281
14n-hn  800.0 3.0e-02    5 25.0    0.77160    0.01178    0.77385
14n-hn  800.0 3.0e-02   15 25.0    0.86970    0.01237    0.86821
14n-hn  800.0 3.0e-02    6 25.0    0.79866    0.01194    0.80025
14n-hn  800.0 3.0e-02   12 25.0    0.86210    0.01231    0.85946
14n-hn  800.0 3.0e-02    7 25.0    0.81517    0.01202    0.81809
14n-hn  800.0 3.0e-02   10 25.0    0.85045    0.01226    0.84907
14n-hn  800.0 3.0e-02    8 25.0    0.83183    0.01212    0.83151
14n-hn  800.0 3.0e-02    4 25.0    0.73361    0.01158    0.73423
14n-hn  800.0 3.0e-02    1 25.0    0.54606    0.01057    0.55006
14n-hn  800.0 3.0e-02   27 25.0    0.88060    0.01245    0.87847
15n-hn  800.0 3.0e-02    0 25.0    1.00000    0.01176    0.99990
15n-hn  800.0 3.0e-02   30 25.0    0.82009    0.01086    0.81195
15n-hn  800.0 3.0e-02    1 25.0    0.42580    0.00937    0.41466
15n-hn  800.0 3.0e-02   27 25.0    0.80894    0.01081    0.80917
15n-hn  800.0 3.0e-02    2 25.0    0.43790    0.00940    0.42826
15n-hn  800.0 3.0e-02   24 25.0    0.80147    0.01078    0.80535
15n-hn  800.0 3.0e-02    3 25.0    0.46269    0.00947    0.45972
15n-hn  800.0 3.0e-02   21 25.0    0.79062    0.01073    0.79982
15n-hn  800.0 3.0e-02    4 25.0    0.50329    0.00960    0.51244
15n-hn  800.0 3.0e-02   18 25.0    0.79568    0.01075    0.79152
15n-hn  800.0 3.0e-02    5 25.0    0.56752    0.00982    0.56991
15n-hn  800.0 3.0e-02   15 25.0    0.77348    0.01065    0.77817
15n-hn  800.0 3.0e-02    6 25.0    0.60202    0.00995    0.61881
15n-hn  800.0 3.0e-02   12 25.0    0.76062    0.01059    0.75515
15n-hn  800.0 3.0e-02    7 25.0    0.64037    0.01009    0.65769
15n-hn  800.0 3.0e-02   10 25.0    0.73021    0.01046    0.72936
15n-hn  800.0 3.0e-02    8 25.0    0.68749    0.01028    0.68784
15n-hn  800.0 3.0e-02    4 25.0    0.51979    0.00966    0.51244
15n-hn  800.0 3.0e-02    1 25.0    0.43281    0.00939    0.41466
15n-hn  800.0 3.0e-02   27 25.0    0.81510    0.01084    0.80917
16n-hn  800.0 3.0e-02    0 25.0    1.00000    0.00575    1.00007
16n-hn  800.0 3.0e-02   30 25.0    0.84572    0.00575    0.85118
16n-hn  800.0 3.0e-02    1 25.0    0.66297    0.00575    0.66146
16n-hn  800.0 3.0e-02   27 25.0    0.84001    0.00575    0.85112
16n-hn  800.0 3.0e-02    2 25.0    0.71464    0.00575    0.71289
16n-hn  800.0 3.0e-02   24 25.0    0.83993    0.00575    0.85067
16n-hn  800.0 3.0e-02    3 25.0    0.76813    0.00575    0.75512
16n-hn  800.0 3.0e-02   21 25.0    0.85860    0.00575    0.85022
16n-hn  800.0 3.0e-02    4 25.0    0.77740    0.00575    0.78448
16n-hn  800.0 3.0e-02   18 25.0    0.85016    0.00575    0.84910
16n-hn  800.0 3.0e-02    5 25.0    0.80210    0.00575    0.80395
16n-hn  800.0 3.0e-02   15 25.0    0.85064    0.00575    0.84725
16n-hn  800.0 3.0e-02    6 25.0    0.80632    0.00575    0.81618
16n-hn  800.0 3.0e-02   12 25.0    0.85274    0.00575    0.84335
16n-hn  800.0 3.0e-02    7 25.0    0.83366    0.00575    0.82420
16n-hn  800.0 3.0e-02   10 25.0    0.83907    0.00575    0.83856
16n-hn  800.0 3.0e-02    8 25.0    0.82084    0.00575    0.83041
16n-hn  800.0 3.0e-02    4 25.0    0.78509    0.00575    0.78448
16n-hn  800.0 3.0e-02    1 25.0    0.66099    0.00575    0.66146
16n-hn  800.0 3.0e-02   27 25.0    0.85944    0.00575    0.85112
17n-hn  800.0 3.0e-02    0 25.0    1.00000    0.00504    1.00001
17n-hn  800.0 3.0e-02   30 25.0    0.84078    0.00475    0.84227
17n-hn  800.0 3.0e-02    1 25.0    0.55193    0.00462    0.55222
17n-hn  800.0 3.0e-02   27 25.0    0.83957    0.00475    0.84152
17n-hn  800.0 3.0e-02    2 25.0    0.61890    0.00462    0.61588
17n-hn  800.0 3.0e-02   24 25.0    0.84246    0.00475    0.84048
17n-hn  800.0 3.0e-02    3 25.0    0.68461    0.00462    0.67560
17n-hn  800.0 3.0e-02   21 25.0    0.83821    0.00475    0.83897
17n-hn  800.0 3.0e-02    4 25.0    0.72653    0.00462    0.72314
17n-hn  800.0 3.0e-02   18 25.0    0.83478    0.00474    0.83666
17n-hn  800.0 3.0e-02    5 25.0    0.75596    0.00462    0.75625
17n-hn  800.0 3.0e-02   15 25.0    0.82689    0.00473    0.83289
17n-hn  800.0 3.0e-02    6 25.0    0.77652    0.00464    0.77847
17n-hn  800.0 3.0e-02   12 25.0    0.82756    0.00473    0.82615
17n-hn  800.0 3.0e-02    7 25.0    0.78904    0.00466    0.79380
17n-hn  800.0 3.0e-02   10 25.0    0.81598    0.00471    0.81825
17n-hn  800.0 3.0e-02    8 25.0    0.80194    0.00469    0.80457
17n-hn  800.0 3.0e-02    4 25.0    0.72602    0.00462    0.72314
17n-hn  800.0 3.0e-02    1 25.0    0.56134    0.00462    0.55222
17n-hn  800.0 3.0e-02   27 25.0    0.84011    0.00475    0.84152
18n-hn  800.0 3.0e-02    0 25.0    1.00000    0.00779    0.99992
18n-hn  800.0 3.0e-02   30 25.0    0.84381    0.00779    0.85187
18n-hn  800.0 3.0e-02    1 25.0    0.75667    0.00779    0.75430
18n-hn  800.0 3.0e-02   27 25.0    0.84543    0.00779    0.85189
18n-hn  800.0 3.0e-02    2 25.0    0.78779    0.00779    0.78330
18n-hn  800.0 3.0e-02   24 25.0    0.84069    0.00779    0.85179
18n-hn  800.0 3.0e-02    3 25.0    0.82380    0.00779    0.80631
18n-hn  800.0 3.0e-02   21 25.0    0.84281    0.00779    0.85167
18n-hn  800.0 3.0e-02    4 25.0    0.81569    0.00779    0.82124
18n-hn  800.0 3.0e-02   18 25.0    0.85315    0.00779    0.85132
18n-hn  800.0 3.0e-02    5 25.0    0.83749    0.00779    0.83001
18n-hn  800.0 3.0e-02   15 25.0    0.86710    0.00779    0.85066
18n-hn  800.0 3.0e-02    6 25.0    0.83912    0.00779    0.83598
18n-hn  800.0 3.0e-02   12 25.0    0.84284    0.00779    0.84911
18n-hn  800.0 3.0e-02    7 25.0    0.84400    0.00779    0.84015
18n-hn  800.0 3.0e-02   10 25.0    0.84911    0.00779    0.84705
18n-hn  800.0 3.0e-02    8 25.0    0.84653    0.00779    0.84322
18n-hn  800.0 3.0e-02    4 25.0    0.81750    0.00779    0.82124
18n-hn  800.0 3.0e-02    1 25.0    0.73869    0.00779    0.75430
18n-hn  800.0 3.0e-02   27 25.0    0.85481    0.00779    0.85189
30n-hn  800.0 3.0e-02    0 25.0    1.00000    0.00651    1.00034
30n-hn  800.0 3.0e-02   30 25.0    0.86735    0.00651    0.86250
30n-hn  800.0 3.0e-02    1 25.0    0.77613    0.00651    0.77385
30n-hn  800.0 3.0e-02   27 25.0    0.85743    0.00651    0.86267
30n-hn  800.0 3.0e-02    2 25.0    0.80346    0.00651    0.80132
30n-hn  800.0 3.0e-02   24 25.0    0.86222    0.00651    0.86248
30n-hn  800.0 3.0e-02    3 25.0    0.82371    0.00651    0.82037
30n-hn  800.0 3.0e-02   21 25.0    0.86738    0.00651    0.86234
30n-hn  800.0 3.0e-02    4 25.0    0.83717    0.00651    0.83456
30n-hn  800.0 3.0e-02   18 25.0    0.85931    0.00651    0.86169
30n-hn  800.0 3.0e-02    5 25.0    0.83243    0.00651    0.84173
30n-hn  800.0 3.0e-02   15 25.0    0.86260    0.00651    0.86051
30n-hn  800.0 3.0e-02    6 25.0    0.84847    0.00651    0.84714
30n-hn  800.0 3.0e-02   12 25.0    0.85660    0.00651    0.85814
30n-hn  800.0 3.0e-02    7 25.0    0.84864    0.00651    0.85018
30n-hn  800.0 3.0e-02   10 25.0    0.85089    0.00651    0.85571
30n-hn  800.0 3.0e-02    8 25.0    0.85046    0.00651    0.85271
30n-hn  800.0 3.0e-02    4 25.0    0.83109    0.00651    0.83456
30n-hn  800.0 3.0e-02    1 25.0    0.77122    0.00651    0.77385
30n-hn  800.0 3.0e-02   27 25.0    0.87277    0.00651    0.86267
31n-hn  800.0 3.0e-02    0 25.0    1.00000    0.01157    1.00125
31n-hn  800.0 3.0e-02   30 25.0    0.80364    0.01058    0.78050
31n-hn  800.0 3.0e-02    1 25.0    0.40172    0.00905    0.40056
31n-hn  800.0 3.0e-02   27 25.0    0.78643    0.01050    0.77793
31n-hn  800.0 3.0e-02    2 25.0    0.39914    0.00905    0.40853
31n-hn  800.0 3.0e-02   24 25.0    0.77303    0.01044    0.77440
31n-hn  800.0 3.0e-02    3 25.0    0.44598    0.00918    0.44180
31n-hn  800.0 3.0e-02   21 25.0    0.76564    0.01040    0.76875
31n-hn  800.0 3.0e-02    4 25.0    0.49196    0.00933    0.49411
31n-hn  800.0 3.0e-02   18 25.0    0.76576    0.01040    0.75974
31n-hn  800.0 3.0e-02    5 25.0    0.54728    0.00951    0.54302
31n-hn  800.0 3.0e-02   15 25.0    0.72910    0.01024    0.74493
31n-hn  800.0 3.0e-02    6 25.0    0.58069    0.00964    0.59089
31n-hn  800.0 3.0e-02   12 25.0    0.71753    0.01019    0.72035
31n-hn  800.0 3.0e-02    7 25.0    0.62818    0.00982    0.62986
31n-hn  800.0 3.0e-02   10 25.0    0.68826    0.01006    0.69624
31n-hn  800.0 3.0e-02    8 25.0    0.66174    0.00995    0.65953
31n-hn  800.0 3.0e-02    4 25.0    0.49516    0.00934    0.49411
31n-hn  800.0 3.0e-02    1 25.0    0.39136    0.00903    0.40056
31n-hn  800.0 3.0e-02   27 25.0    0.78800    0.01051    0.77793
33n-hn  800.0 3.0e-02    0 25.0    1.00000    0.02541    0.99997
33n-hn  800.0 3.0e-02   30 25.0    0.77770    0.02216    0.81417
33n-hn  800.0 3.0e-02    1 25.0    0.42386    0.01809    0.42166
33n-hn  800.0 3.0e-02   27 25.0    0.80329    0.02251    0.81188
33n-hn  800.0 3.0e-02    2 25.0    0.40826    0.01795    0.44620
33n-hn  800.0 3.0e-02   24 25.0    0.82648    0.02283    0.80870
33n-hn  800.0 3.0e-02    3 25.0    0.50104    0.01884    0.48649
33n-hn  800.0 3.0e-02   21 25.0    0.80684    0.02256    0.80412
33n-hn  800.0 3.0e-02    4 25.0    0.54202    0.01927    0.54498
33n-hn  800.0 3.0e-02   18 25.0    0.81052    0.02261    0.79720
33n-hn  800.0 3.0e-02    5 25.0    0.60976    0.02004    0.60180
33n-hn  800.0 3.0e-02   15 25.0    0.81271    0.02264    0.78608
33n-hn  800.0 3.0e-02    6 25.0    0.64648    0.02048    0.64737
33n-hn  800.0 3.0e-02   12 25.0    0.76592    0.02201    0.76670
33n-hn  800.0 3.0e-02    7 25.0    0.67254    0.02080    0.68242
33n-hn  800.0 3.0e-02   10 25.0    0.77300    0.02210    0.74478
33n-hn  800.0 3.0e-02    8 25.0    0.70807    0.02125    0.70893
33n-hn  800.0 3.0e-02    4 25.0    0.52971    0.01914    0.54498
33n-hn  800.0 3.0e-02    1 25.0    0.40099    0.01788    0.42166
33n-hn  800.0 3.0e-02   27 25.0    0.83079    0.02289    0.81188
34n-hn  800.0 3.0e-02    0 25.0    1.00000    0.00660    1.00019
34n-hn  800.0 3.0e-02   30 25.0    0.79403    0.00660    0.79404
34n-hn  800.0 3.0e-02    1 25.0    0.38454    0.00660    0.38521
34n-hn  800.0 3.0e-02   27 25.0    0.79697    0.00660    0.78567
34n-hn  800.0 3.0e-02    2 25.0    0.38484    0.00660    0.38676
34n-hn  800.0 3.0e-02   24 25.0    0.77249    0.00660    0.77357
34n-hn  800.0 3.0e-02    3 25.0    0.38132    0.00660    0.38526
34n-hn  800.0 3.0e-02   21 25.0    0.75645    0.00660    0.75689
34n-hn  800.0 3.0e-02    4 25.0    0.39019    0.00660    0.38936
34n-hn  800.0 3.0e-02   18 25.0    0.73164    0.00660    0.73179
34n-hn  800.0 3.0e-02    5 25.0    0.40137    0.00660    0.40248
34n-hn  800.0 3.0e-02   15 25.0    0.69908    0.00660    0.69390
34n-hn  800.0 3.0e-02    6 25.0    0.44148    0.00660    0.43367
34n-hn  800.0 3.0e-02   12 25.0    0.63633    0.00660    0.63513
34n-hn  800.0 3.0e-02    7 25.0    0.46830    0.00660    0.47110
34n-hn  800.0 3.0e-02   10 25.0    0.58081    0.00660    0.57995
34n-hn  800.0 3.0e-02    8 25.0    0.50000    0.00660    0.51080
34n-hn  800.0 3.0e-02    4 25.0    0.37854    0.00660    0.38936
34n-hn  800.0 3.0e-02    1 25.0    0.38022    0.00660    0.38521
34n-hn  800.0 3.0e-02   27 25.0    0.78562    0.00660    0.78567
35n-hn  800.0 3.0e-02    0 25.0    1.00000    0.00461    1.00009
35n-hn  800.0 3.0e-02   30 25.0    0.84602    0.00461    0.85060
35n-hn  800.0 3.0e-02    1 25.0    0.59689    0.00461    0.59619
35n-hn  800.0 3.0e-02   27 25.0    0.84824    0.00461    0.85004
35n-hn  800.0 3.0e-02    2 25.0    0.65742    0.00461    0.65753
35n-hn  800.0 3.0e-02   24 25.0    0.84036    0.00461    0.84926
35n-hn  800.0 3.0e-02    3 25.0    0.72056    0.00461    0.71278
35n-hn  800.0 3.0e-02   21 25.0    0.83535    0.00461    0.84812
35n-hn  800.0 3.0e-02    4 25.0    0.76184    0.00461    0.75421
35n-hn  800.0 3.0e-02   18 25.0    0.84140    0.00461    0.84637
35n-hn  800.0 3.0e-02    5 25.0    0.78040    0.00461    0.78201
35n-hn  800.0 3.0e-02   15 25.0    0.85403    0.00461    0.84348
35n-hn  800.0 3.0e-02    6 25.0    0.80161    0.00461    0.80027
35n-hn  800.0 3.0e-02   12 25.0    0.83861    0.00461    0.83827
35n-hn  800.0 3.0e-02    7 25.0    0.81578    0.00461    0.81265
35n-hn  800.0 3.0e-02   10 25.0    0.83230    0.00461    0.83209
35n-hn  800.0 3.0e-02    8 25.0    0.81977    0.00461    0.82128
35n-hn  800.0 3.0e-02    4 25.0    0.75733    0.00461    0.75421
35n-hn  800.0 3.0e-02    1 25.0    0.59291    0.00461    0.59619
35n-hn  800.0 3.0e-02   27 25.0    0.85663    0.00461    0.85004
36n-hn  800.0 3.0e-02    0 25.0    1.00000    0.00693    1.00012
36n-hn  800.0 3.0e-02   30 25.0    0.86140    0.00693    0.86003
36n-hn  800.0 3.0e-02    1 25.0    0.74737    0.00693    0.75569
36n-hn  800.0 3.0e-02   27 25.0    0.86714    0.00693    0.86006
36n-hn  800.0 3.0e-02    2 25.0    0.79345    0.00693    0.78597
36n-hn  800.0 3.0e-02   24 25.0    0.85420    0.00693    0.85993
36n-hn  800.0 3.0e-02    3 25.0    0.82795    0.00693    0.81081
36n-hn  800.0 3.0e-02   21 25.0    0.85467    0.00693    0.85979
36n-hn  800.0 3.0e-02    4 25.0    0.82205    0.00693    0.82690
36n-hn  800.0 3.0e-02   18 25.0    0.86795    0.00693    0.85938
36n-hn  800.0 3.0e-02    5 25.0    0.83773    0.00693    0.83641
36n-hn  800.0 3.0e-02   15 25.0    0.86402    0.00693    0.85863
36n-hn  800.0 3.0e-02    6 25.0    0.83729    0.00693    0.84276
36n-hn  800.0 3.0e-02   12 25.0    0.85267    0.00693    0.85690
36n-hn  800.0 3.0e-02    7 25.0    0.83705    0.00693    0.84716
36n-hn  800.0 3.0e-02   10 25.0    0.86050    0.00693    0.85462
36n-hn  800.0 3.0e-02    8 25.0    0.85198    0.00693    0.85046
36n-hn  800.0 3.0e-02    4 25.0    0.81766    0.00693    0.82690
36n-hn  800.0 3.0e-02    1 25.0    0.75614    0.00693    0.75569
36n-hn  800.0 3.0e-02   27 25.0    0.85702    0.00693    0.86006
37n-hn  800.0 3.0e-02    0 25.0    1.00000    0.02161    0.99975
37n-hn  800.0 3.0e-02   30 25.0    0.86851    0.02009    0.84004
37n-hn  800.0 3.0e-02    1 25.0    0.43784    0.01609    0.44073
37n-hn  800.0 3.0e-02   27 25.0    0.83528    0.01973    0.83808
37n-hn  800.0 3.0e-02    2 25.0    0.47588    0.01636    0.47435
37n-hn  800.0 3.0e-02   24 25.0    0.85080    0.01990    0.83538
37n-hn  800.0 3.0e-02    3 25.0    0.53234    0.01681    0.52197
37n-hn  800.0 3.0e-02   21 25.0    0.84698    0.01985    0.83139
37n-hn  800.0 3.0e-02    4 25.0    0.57210    0.01714    0.58526
37n-hn  800.0 3.0e-02   18 25.0    0.78428    0.01918    0.82537
37n-hn  800.0 3.0e-02    5 25.0    0.61582    0.01753    0.64140
37n-hn  800.0 3.0e-02   15 25.0    0.81150    0.01947    0.81545
37n-hn  800.0 3.0e-02    6 25.0    0.68276    0.01815    0.68543
37n-hn  800.0 3.0e-02   12 25.0    0.79209    0.01926    0.79796
37n-hn  800.0 3.0e-02    7 25.0    0.72811    0.01860    0.71893
37n-hn  800.0 3.0e-02   10 25.0    0.77658    0.01910    0.77774
37n-hn  800.0 3.0e-02    8 25.0    0.74913    0.01881    0.74409
37n-hn  800.0 3.0e-02    4 25.0    0.59064    0.01730    0.58526
37n-hn  800.0 3.0e-02    1 25.0    0.45426    0.01621    0.44073
37n-hn  800.0 3.0e-02   27 25.0    0.83900    0.01977    0.83808
49n-hn  800.0 3.0e-02    0 25.0    1.00000    0.01767    1.00024
49n-hn  800.0 3.0e-02   30 25.0    0.81169    0.01601    0.82004
49n-hn  800.0 3.0e-02    1 25.0    0.54772    0.01421    0.56338
49n-hn  800.0 3.0e-02   27 25.0    0.80632    0.01597    0.81947
49n-hn  800.0 3.0e-02    2 25.0    0.61647    0.01464    0.62382
49n-hn  800.0 3.0e-02   24 25.0    0.82271    0.01609    0.81867
49n-hn  800.0 3.0e-02    3 25.0    0.68313    0.01508    0.67874
49n-hn  800.0 3.0e-02   21 25.0    0.82018    0.01608    0.81749
49n-hn  800.0 3.0e-02    4 25.0    0.72622    0.01538    0.72069
49n-hn  800.0 3.0e-02   18 25.0    0.82810    0.01614    0.81569
49n-hn  800.0 3.0e-02    5 25.0    0.75325    0.01558    0.74918
49n-hn  800.0 3.0e-02   15 25.0    0.80671    0.01597    0.81271
49n-hn  800.0 3.0e-02    6 25.0    0.75930    0.01562    0.76802
49n-hn  800.0 3.0e-02   12 25.0    0.82600    0.01612    0.80733
49n-hn  800.0 3.0e-02    7 25.0    0.78566    0.01582    0.78081
49n-hn  800.0 3.0e-02   10 25.0    0.79382    0.01587    0.80094
49n-hn  800.0 3.0e-02    8 25.0    0.80012    0.01593    0.78975
49n-hn  800.0 3.0e-02    4 25.0    0.72583    0.01539    0.72069
49n-hn  800.0 3.0e-02    1 25.0    0.56354    0.01431    0.56338
49n-hn  800.0 3.0e-02   27 25.0    0.81319    0.01602    0.81947
52n-hn  800.0 3.0e-02    0 25.0    1.00000    0.00732    0.99981
52n-hn  800.0 3.0e-02   30 25.0    0.80893    0.00732    0.80491
52n-hn  800.0 3.0e-02    1 25.0    0.46680    0.00732    0.46863
52n-hn  800.0 3.0e-02   27 25.0    0.79652    0.00732    0.80395
52n-hn  800.0 3.0e-02    2 25.0    0.53093    0.00732    0.52651
52n-hn  800.0 3.0e-02   24 25.0    0.78725    0.00732    0.80259
52n-hn  800.0 3.0e-02    3 25.0    0.59817    0.00732    0.58570
52n-hn  800.0 3.0e-02   21 25.0    0.79200    0.00732    0.80056
52n-hn  800.0 3.0e-02    4 25.0    0.65169    0.00732    0.64228
52n-hn  800.0 3.0e-02   18 25.0    0.79886    0.00732    0.79742
52n-hn  800.0 3.0e-02    5 25.0    0.68222    0.00732    0.68416
52n-hn  800.0 3.0e-02   15 25.0    0.79082    0.00732    0.79214
52n-hn  800.0 3.0e-02    6 25.0    0.71971    0.00732    0.71417
52n-hn  800.0 3.0e-02   12 25.0    0.78339    0.00732    0.78253
52n-hn  800.0 3.0e-02    7 25.0    0.73169    0.00732    0.73568
52n-hn  800.0 3.0e-02   10 25.0    0.77939    0.00732    0.77106
52n-hn  800.0 3.0e-02    8 25.0    0.75000    0.00732    0.75118
52n-hn  800.0 3.0e-02    4 25.0    0.63413    0.00732    0.64228
52n-hn  800.0 3.0e-02    1 25.0    0.49143    0.00732    0.46863
52n-hn  800.0 3.0e-02   27 25.0    0.79828    0.00732    0.80395
53n-hn  800.0 3.0e-02    0 25.0    1.00000    0.00868    1.00043
53n-hn  800.0 3.0e-02   30 25.0    0.78443    0.00868    0.79265
53n-hn  800.0 3.0e-02    1 25.0    0.56900    0.00868    0.57714
53n-hn  800.0 3.0e-02   27 25.0    0.79374    0.00868    0.79243
53n-hn  800.0 3.0e-02    2 25.0    0.63048    0.00868    0.63181
53n-hn  800.0 3.0e-02   24 25.0    0.79298    0.00868    0.79200
53n-hn  800.0 3.0e-02    3 25.0    0.68095    0.00868    0.67861
53n-hn  800.0 3.0e-02   21 25.0    0.79660    0.00868    0.79136
53n-hn  800.0 3.0e-02    4 25.0    0.71172    0.00868    0.71342
53n-hn  800.0 3.0e-02   18 25.0    0.79052    0.00868    0.79018
53n-hn  800.0 3.0e-02    5 25.0    0.72278    0.00868    0.73564
53n-hn  800.0 3.0e-02   15 25.0    0.79978    0.00868    0.78810
53n-hn  800.0 3.0e-02    6 25.0    0.75898    0.00868    0.75075
53n-hn  800.0 3.0e-02   12 25.0    0.77561    0.00868    0.78388
53n-hn  800.0 3.0e-02    7 25.0    0.76970    0.00868    0.76132
53n-hn  800.0 3.0e-02   10 25.0    0.80064    0.00868    0.77855
53n-hn  800.0 3.0e-02    8 25.0    0.75960    0.00868    0.76894
53n-hn  800.0 3.0e-02    4 25.0    0.70301    0.00868    0.71342
53n-hn  800.0 3.0e-02    1 25.0    0.57545    0.00868    0.57714
53n-hn  800.0 3.0e-02   27 25.0    0.79046    0.00868    0.79243
