8n-hn   500.0 3.0e-02    0 25.0    1.00000    0.00434    1.00016
8n-hn   500.0 3.0e-02   30 25.0    0.88344    0.00413    0.87980
8n-hn   500.0 3.0e-02    1 25.0    0.75092    0.00404    0.75273
8n-hn   500.0 3.0e-02   28 25.0    0.87878    0.00412    0.87970
8n-hn   500.0 3.0e-02    2 25.0    0.78608    0.00404    0.79004
8n-hn   500.0 3.0e-02   26 25.0    0.87282    0.00411    0.87957
8n-hn   500.0 3.0e-02    3 25.0    0.81878    0.00404    0.81998
8n-hn   500.0 3.0e-02   24 25.0    0.87715    0.00412    0.87941
8n-hn   500.0 3.0e-02    4 25.0    0.83521    0.00405    0.83924
8n-hn   500.0 3.0e-02   22 25.0    0.88288    0.00413    0.87919
8n-hn   500.0 3.0e-02    5 25.0    0.85356    0.00408    0.85160
8n-hn   500.0 3.0e-02   20 25.0    0.88196    0.00413    0.87889
8n-hn   500.0 3.0e-02    6 25.0    0.86593    0.00410    0.85964
8n-hn   500.0 3.0e-02   18 25.0    0.87872    0.00412    0.87847
8n-hn   500.0 3.0e-02    7 25.0    0.86672    0.00410    0.86501
8n-hn   500.0 3.0e-02   16 25.0    0.87570    0.00412    0.87786
8n-hn   500.0 3.0e-02    8 25.0    0.86900    0.00411    0.86866
8n-hn   500.0 3.0e-02   14 25.0    0.87724    0.00412    0.87695
8n-hn   500.0 3.0e-02    9 25.0    0.87327    0.00412    0.87123
8n-hn   500.0 3.0e-02   13 25.0    0.87108    0.00411    0.87632
8n-hn   500.0 3.0e-02   10 25.0    0.87533    0.00412    0.87309
8n-hn   500.0 3.0e-02   12 25.0    0.87472    0.00412    0.87551
8n-hn   500.0 3.0e-02   11 25.0    0.87678    0.00412    0.87447
8n-hn   500.0 3.0e-02    2 25.0    0.78994    0.00404    0.79004
8n-hn   500.0 3.0e-02   28 25.0    0.87614    0.00412    0.87970
8n-hn   500.0 3.0e-02    8 25.0    0.87353    0.00412    0.86866
9n-hn   500.0 3.0e-02    0 25.0    1.00000    0.00449    1.00000
9n-hn   500.0 3.0e-02   30 25.0    0.88186    0.00429    0.88268
9n-hn   500.0 3.0e-02    1 25.0    0.85566    0.00425    0.86285
9n-hn   500.0 3.0e-02   28 25.0    0.88649    0.00429    0.88266
9n-hn   500.0 3.0e-02    2 25.0    0.86896    0.00427    0.86925
9n-hn   500.0 3.0e-02   26 25.0    0.88030    0.00428    0.88263
9n-hn   500.0 3.0e-02    3 25.0    0.87864    0.00428    0.87408
9n-hn   500.0 3.0e-02   24 25.0    0.88545    0.00429    0.88260
9n-hn   500.0 3.0e-02    4 25.0    0.87820    0.00428    0.87701
9n-hn   500.0 3.0e-02   22 25.0    0.88062    0.00429    0.88256
9n-hn   500.0 3.0e-02    5 25.0    0.88087    0.00429    0.87877
9n-hn   500.0 3.0e-02   20 25.0    0.88314    0.00429    0.88251
9n-hn   500.0 3.0e-02    6 25.0    0.88088    0.00429    0.87987
9n-hn   500.0 3.0e-02   18 25.0    0.88276    0.00429    0.88245
9n-hn   500.0 3.0e-02    7 25.0    0.88257    0.00429    0.88058
9n-hn   500.0 3.0e-02   16 25.0    0.88240    0.00429    0.88235
9n-hn   500.0 3.0e-02    8 25.0    0.87905    0.00428    0.88107
9n-hn   500.0 3.0e-02   14 25.0    0.88288    0.00429    0.88221
9n-hn   500.0 3.0e-02    9 25.0    0.88329    0.00429    0.88141
9n-hn   500.0 3.0e-02   13 25.0    0.87942    0.00428    0.88212
9n-hn   500.0 3.0e-02   10 25.0    0.88386    0.00429    0.88167
9n-hn   500.0 3.0e-02   12 25.0    0.88186    0.00429    0.88201
9n-hn   500.0 3.0e-02   11 25.0    0.88471    0.00429    0.88186
9n-hn   500.0 3.0e-02    2 25.0    0.86794    0.00426    0.86925
9n-hn   500.0 3.0e-02   28 25.0    0.87892    0.00428    0.88266
9n-hn   500.0 3.0e-02    8 25.0    0.87754    0.00428    0.88107
10n-hn  500.0 3.0e-02    0 25.0    1.00000    0.00334    1.00000
10n-hn  500.0 3.0e-02   30 25.0    0.87774    0.00333    0.87727
10n-hn  500.0 3.0e-02    1 25.0    0.81288    0.00333    0.81486
10n-hn  500.0 3.0e-02   28 25.0    0.88001    0.00333    0.87722
10n-hn  500.0 3.0e-02    2 25.0    0.83595    0.00333    0.83431
10n-hn  500.0 3.0e-02   26 25.0    0.87695    0.00333    0.87716
10n-hn  500.0 3.0e-02    3 25.0    0.84767    0.00333    0.84960
10n-hn  500.0 3.0e-02   24 25.0    0.87297    0.00333    0.87708
10n-hn  500.0 3.0e-02    4 25.0    0.85931    0.00333    0.85922
10n-hn  500.0 3.0e-02   22 25.0    0.88170    0.00333    0.87698
10n-hn  500.0 3.0e-02    5 25.0    0.86547    0.00333    0.86502
10n-hn  500.0 3.0e-02   20 25.0    0.87293    0.00333    0.87684
10n-hn  500.0 3.0e-02    6 25.0    0.87212    0.00333    0.86858
10n-hn  500.0 3.0e-02   18 25.0    0.87825    0.00333    0.87665
10n-hn  500.0 3.0e-02    7 25.0    0.87100    0.00333    0.87089
10n-hn  500.0 3.0e-02   16 25.0    0.87706    0.00333    0.87638
10n-hn  500.0 3.0e-02    8 25.0    0.86828    0.00333    0.87244
10n-hn  500.0 3.0e-02   14 25.0    0.87459    0.00333    0.87598
10n-hn  500.0 3.0e-02    9 25.0    0.87682    0.00333    0.87353
10n-hn  500.0 3.0e-02   13 25.0    0.87783    0.00333    0.87570
10n-hn  500.0 3.0e-02   10 25.0    0.87270    0.00333    0.87432
10n-hn  500.0 3.0e-02   12 25.0    0.87582    0.00333    0.87536
10n-hn  500.0 3.0e-02   11 25.0    0.87384    0.00333    0.87491
10n-hn  500.0 3.0e-02    2 25.0    0.83762    0.00333    0.83431
10n-hn  500.0 3.0e-02   28 25.0    0.87358    0.00333    0.87722
10n-hn  500.0 3.0e-02    8 25.0    0.87125    0.00333    0.87244
11n-hn  500.0 3.0e-02    0 25.0    1.00000    0.00311    0.99998
11n-hn  500.0 3.0e-02   30 25.0    0.87882    0.00311    0.88165
11n-hn  500.0 3.0e-02    1 25.0    0.85638    0.00311    0.85633
11n-hn  500.0 3.0e-02   28 25.0    0.88219    0.00311    0.88171
11n-hn  500.0 3.0e-02    2 25.0    0.86283    0.00311    0.86436
11n-hn  500.0 3.0e-02   26 25.0    0.87738    0.00311    0.88177
11n-hn  500.0 3.0e-02    3 25.0    0.87051    0.00311    0.86997
11n-hn  500.0 3.0e-02   24 25.0    0.88222    0.00311    0.88182
11n-hn  500.0 3.0e-02    4 25.0    0.87481    0.00311    0.87370
11n-hn  500.0 3.0e-02   22 25.0    0.87922    0.00311    0.88187
11n-hn  500.0 3.0e-02    5 25.0    0.87640    0.00311    0.87572
11n-hn  500.0 3.0e-02   20 25.0    0.88293    0.00311    0.88190
11n-hn  500.0 3.0e-02    6 25.0    0.88042    0.00311    0.87705
11n-hn  500.0 3.0e-02   18 25.0    0.88093    0.00311    0.88189
11n-hn  500.0 3.0e-02    7 25.0    0.88004    0.00311    0.87796
11n-hn  500.0 3.0e-02   16 25.0    0.88717    0.00311    0.88181
11n-hn  500.0 3.0e-02    8 25.0    0.87845    0.00311    0.87897
11n-hn  500.0 3.0e-02   14 25.0    0.88169    0.00311    0.88161
11n-hn  500.0 3.0e-02    9 25.0    0.88032    0.00311    0.87970
11n-hn  500.0 3.0e-02   13 25.0    0.88093    0.00311    0.88145
11n-hn  500.0 3.0e-02   10 25.0    0.88579    0.00311    0.88036
11n-hn  500.0 3.0e-02   12 25.0    0.88066    0.00311    0.88118
11n-hn  500.0 3.0e-02   11 25.0    0.87832    0.00311    0.88083
11n-hn  500.0 3.0e-02    2 25.0    0.86091    0.00311    0.86436
11n-hn  500.0 3.0e-02   28 25.0    0.88238    0.00311    0.88171
11n-hn  500.0 3.0e-02    8 25.0    0.87687    0.00311    0.87897
12n-hn  500.0 3.0e-02    0 25.0    1.00000    0.00342    0.99996
12n-hn  500.0 3.0e-02   30 25.0    0.88076    0.00321    0.88221
12n-hn  500.0 3.0e-02    1 25.0    0.86742    0.00315    0.86531
12n-hn  500.0 3.0e-02   28 25.0    0.88168    0.00321    0.88225
12n-hn  500.0 3.0e-02    2 25.0    0.86858    0.00315    0.87060
12n-hn  500.0 3.0e-02   26 25.0    0.88242    0.00321    0.88229
12n-hn  500.0 3.0e-02    3 25.0    0.87997    0.00317    0.87469
12n-hn  500.0 3.0e-02   24 25.0    0.88339    0.00321    0.88233
12n-hn  500.0 3.0e-02    4 25.0    0.87459    0.00316    0.87689
12n-hn  500.0 3.0e-02   22 25.0    0.87916    0.00321    0.88237
12n-hn  500.0 3.0e-02    5 25.0    0.87961    0.00317    0.87844
12n-hn  500.0 3.0e-02   20 25.0    0.88161    0.00320    0.88241
12n-hn  500.0 3.0e-02    6 25.0    0.88323    0.00317    0.87972
12n-hn  500.0 3.0e-02   18 25.0    0.88180    0.00320    0.88244
12n-hn  500.0 3.0e-02    7 25.0    0.87955    0.00317    0.88064
12n-hn  500.0 3.0e-02   16 25.0    0.87781    0.00319    0.88245
12n-hn  500.0 3.0e-02    8 25.0    0.88603    0.00318    0.88129
12n-hn  500.0 3.0e-02   14 25.0    0.88667    0.00320    0.88242
12n-hn  500.0 3.0e-02    9 25.0    0.87962    0.00318    0.88172
12n-hn  500.0 3.0e-02   13 25.0    0.88299    0.00320    0.88239
12n-hn  500.0 3.0e-02   10 25.0    0.88167    0.00318    0.88200
12n-hn  500.0 3.0e-02   12 25.0    0.88176    0.00319    0.88231
12n-hn  500.0 3.0e-02   11 25.0    0.88108    0.00318    0.88219
12n-hn  500.0 3.0e-02    2 25.0    0.86826    0.00315    0.87060
12n-hn  500.0 3.0e-02   28 25.0    0.88283    0.00321    0.88225
12n-hn  500.0 3.0e-02    8 25.0    0.88099    0.00317    0.88129
13n-hn  500.0 3.0e-02    0 25.0    1.00000    0.00396    0.99977
13n-hn  500.0 3.0e-02   30 25.0    0.88071    0.00396    0.88044
13n-hn  500.0 3.0e-02    1 25.0    0.86131    0.00396    0.86089
13n-hn  500.0 3.0e-02   28 25.0    0.87937    0.00396    0.88051
13n-hn  500.0 3.0e-02    2 25.0    0.86197    0.00396    0.86705
13n-hn  500.0 3.0e-02   26 25.0    0.87658    0.00396    0.88058
13n-hn  500.0 3.0e-02    3 25.0    0.86875    0.00396    0.87129
13n-hn  500.0 3.0e-02   24 25.0    0.88071    0.00396    0.88065
13n-hn  500.0 3.0e-02    4 25.0    0.87913    0.00396    0.87419
13n-hn  500.0 3.0e-02   22 25.0    0.87473    0.00396    0.88072
13n-hn  500.0 3.0e-02    5 25.0    0.87733    0.00396    0.87565
13n-hn  500.0 3.0e-02   20 25.0    0.87774    0.00396    0.88076
13n-hn  500.0 3.0e-02    6 25.0    0.87595    0.00396    0.87665
13n-hn  500.0 3.0e-02   18 25.0    0.88165    0.00396    0.88078
13n-hn  500.0 3.0e-02    7 25.0    0.88102    0.00396    0.87737
13n-hn  500.0 3.0e-02   16 25.0    0.88022    0.00396    0.88073
13n-hn  500.0 3.0e-02    8 25.0    0.88330    0.00396    0.87825
13n-hn  500.0 3.0e-02   14 25.0    0.88624    0.00396    0.88057
13n-hn  500.0 3.0e-02    9 25.0    0.88197    0.00396    0.87890
13n-hn  500.0 3.0e-02   13 25.0    0.87631    0.00396    0.88044
13n-hn  500.0 3.0e-02   10 25.0    0.88020    0.00396    0.87948
13n-hn  500.0 3.0e-02   12 25.0    0.87875    0.00396    0.88021
13n-hn  500.0 3.0e-02   11 25.0    0.88300    0.00396    0.87990
13n-hn  500.0 3.0e-02    2 25.0    0.87166    0.00396    0.86705
13n-hn  500.0 3.0e-02   28 25.0    0.87452    0.00396    0.88051
13n-hn  500.0 3.0e-02    8 25.0    0.87850    0.00396    0.87825
14n-hn  500.0 3.0e-02    0 25.0    1.00000    0.00327    1.00000
14n-hn  500.0 3.0e-02   30 25.0    0.89976    0.00327    0.90212
14n-hn  500.0 3.0e-02    1 25.0    0.71086    0.00327    0.71229
14n-hn  500.0 3.0e-02   28 25.0    0.90348    0.00327    0.90192
14n-hn  500.0 3.0e-02    2 25.0    0.75887    0.00327    0.76412
14n-hn  500.0 3.0e-02   26 25.0    0.90106    0.00327    0.90167
14n-hn  500.0 3.0e-02    3 25.0    0.80925    0.00327    0.80779
14n-hn  500.0 3.0e-02   24 25.0    0.89903    0.00327    0.90134
14n-hn  500.0 3.0e-02    4 25.0    0.84096    0.00327    0.83738
14n-hn  500.0 3.0e-02   22 25.0    0.89819    0.00327    0.90092
14n-hn  500.0 3.0e-02    5 25.0    0.86328    0.00327    0.85667
14n-hn  500.0 3.0e-02   20 25.0    0.90056    0.00327    0.90036
14n-hn  500.0 3.0e-02    6 25.0    0.87317    0.00327    0.86921
14n-hn  500.0 3.0e-02   18 25.0    0.90170    0.00327    0.89959
14n-hn  500.0 3.0e-02    7 25.0    0.87996    0.00327    0.87762
14n-hn  500.0 3.0e-02   16 25.0    0.89801    0.00327    0.89852
14n-hn  500.0 3.0e-02    8 25.0    0.88182    0.00327    0.88340
14n-hn  500.0 3.0e-02   14 25.0    0.89280    0.00327    0.89694
14n-hn  500.0 3.0e-02    9 25.0    0.88286    0.00327    0.88751
14n-hn  500.0 3.0e-02   13 25.0    0.89947    0.00327    0.89586
14n-hn  500.0 3.0e-02   10 25.0    0.89415    0.00327    0.89053
14n-hn  500.0 3.0e-02   12 25.0    0.89186    0.00327    0.89451
14n-hn  500.0 3.0e-02   11 25.0    0.89687    0.00327    0.89277
14n-hn  500.0 3.0e-02    2 25.0    0.76629    0.00327    0.76412
14n-hn  500.0 3.0e-02   28 25.0    0.89644    0.00327    0.90192
14n-hn  500.0 3.0e-02    8 25.0    0.88190    0.00327    0.88340
15n-hn  500.0 3.0e-02    0 25.0    1.00000    0.00808    0.99996
15n-hn  500.0 3.0e-02   30 25.0    0.88149    0.00757    0.88135
15n-hn  500.0 3.0e-02    1 25.0    0.52220    0.00630    0.51575
15n-hn  500.0 3.0e-02   28 25.0    0.88499    0.00759    0.88060
15n-hn  500.0 3.0e-02    2 25.0    0.58248    0.00648    0.57877
15n-hn  500.0 3.0e-02   26 25.0    0.87945    0.00757    0.87967
15n-hn  500.0 3.0e-02    3 25.0    0.64270    0.00668    0.64441
15n-hn  500.0 3.0e-02   24 25.0    0.87991    0.00757    0.87850
15n-hn  500.0 3.0e-02    4 25.0    0.70242    0.00689    0.70538
15n-hn  500.0 3.0e-02   22 25.0    0.88452    0.00759    0.87701
15n-hn  500.0 3.0e-02    5 25.0    0.74533    0.00704    0.75131
15n-hn  500.0 3.0e-02   20 25.0    0.88189    0.00758    0.87507
15n-hn  500.0 3.0e-02    6 25.0    0.77987    0.00717    0.78355
15n-hn  500.0 3.0e-02   18 25.0    0.86724    0.00752    0.87246
15n-hn  500.0 3.0e-02    7 25.0    0.81114    0.00729    0.80632
15n-hn  500.0 3.0e-02   16 25.0    0.87165    0.00753    0.86886
15n-hn  500.0 3.0e-02    8 25.0    0.81843    0.00732    0.82266
15n-hn  500.0 3.0e-02   14 25.0    0.85728    0.00748    0.86370
15n-hn  500.0 3.0e-02    9 25.0    0.81985    0.00733    0.83464
15n-hn  500.0 3.0e-02   13 25.0    0.85927    0.00748    0.86023
15n-hn  500.0 3.0e-02   10 25.0    0.85558    0.00747    0.84366
15n-hn  500.0 3.0e-02   12 25.0    0.85078    0.00745    0.85596
15n-hn  500.0 3.0e-02   11 25.0    0.84291    0.00742    0.85055
15n-hn  500.0 3.0e-02    2 25.0    0.58917    0.00650    0.57877
15n-hn  500.0 3.0e-02   28 25.0    0.88016    0.00757    0.88060
15n-hn  500.0 3.0e-02    8 25.0    0.82460    0.00735    0.82266
16n-hn  500.0 3.0e-02    0 25.0    1.00000    0.00468    1.00007
16n-hn  500.0 3.0e-02   30 25.0    0.88022    0.00468    0.88172
16n-hn  500.0 3.0e-02    1 25.0    0.77716    0.00468    0.79087
16n-hn  500.0 3.0e-02   28 25.0    0.88325    0.00468    0.88166
16n-hn  500.0 3.0e-02    2 25.0    0.81237    0.00468    0.81842
16n-hn  500.0 3.0e-02   26 25.0    0.88671    0.00468    0.88158
16n-hn  500.0 3.0e-02    3 25.0    0.84462    0.00468    0.84006
16n-hn  500.0 3.0e-02   24 25.0    0.87049    0.00468    0.88148
16n-hn  500.0 3.0e-02    4 25.0    0.85354    0.00468    0.85375
16n-hn  500.0 3.0e-02   22 25.0    0.88744    0.00468    0.88135
16n-hn  500.0 3.0e-02    5 25.0    0.86184    0.00468    0.86252
16n-hn  500.0 3.0e-02   20 25.0    0.87671    0.00468    0.88116
16n-hn  500.0 3.0e-02    6 25.0    0.87508    0.00468    0.86814
16n-hn  500.0 3.0e-02   18 25.0    0.88747    0.00468    0.88089
16n-hn  500.0 3.0e-02    7 25.0    0.87644    0.00468    0.87184
16n-hn  500.0 3.0e-02   16 25.0    0.87610    0.00468    0.88049
16n-hn  500.0 3.0e-02    8 25.0    0.87649    0.00468    0.87434
16n-hn  500.0 3.0e-02   14 25.0    0.88233    0.00468    0.87990
16n-hn  500.0 3.0e-02    9 25.0    0.87590    0.00468    0.87608
16n-hn  500.0 3.0e-02   13 25.0    0.87039    0.00468    0.87948
16n-hn  500.0 3.0e-02   10 25.0    0.88108    0.00468    0.87733
16n-hn  500.0 3.0e-02   12 25.0    0.87614    0.00468    0.87895
16n-hn  500.0 3.0e-02   11 25.0    0.87685    0.00468    0.87825
16n-hn  500.0 3.0e-02    2 25.0    0.82904    0.00468    0.81842
16n-hn  500.0 3.0e-02   28 25.0    0.88012    0.00468    0.88166
16n-hn  500.0 3.0e-02    8 25.0    0.87627    0.00468    0.87434
17n-hn  500.0 3.0e-02    0 25.0    1.00000    0.00338    0.99999
17n-hn  500.0 3.0e-02   30 25.0    0.87450    0.00338    0.87418
17n-hn  500.0 3.0e-02    1 25.0    0.70488    0.00338    0.71312
17n-hn  500.0 3.0e-02   28 25.0    0.87515    0.00338    0.87399
17n-hn  500.0 3.0e-02    2 25.0    0.75563    0.00338    0.75860
17n-hn  500.0 3.0e-02   26 25.0    0.87485    0.00338    0.87375
17n-hn  500.0 3.0e-02    3 25.0    0.79783    0.00338    0.79599
17n-hn  500.0 3.0e-02   24 25.0    0.87307    0.00338    0.87345
17n-hn  500.0 3.0e-02    4 25.0    0.82332    0.00338    0.82100
17n-hn  500.0 3.0e-02   22 25.0    0.87203    0.00338    0.87307
17n-hn  500.0 3.0e-02    5 25.0    0.83569    0.00338    0.83688
17n-hn  500.0 3.0e-02   20 25.0    0.87250    0.00338    0.87257
17n-hn  500.0 3.0e-02    6 25.0    0.84428    0.00338    0.84702
17n-hn  500.0 3.0e-02   18 25.0    0.87772    0.00338    0.87189
17n-hn  500.0 3.0e-02    7 25.0    0.85942    0.00338    0.85378
17n-hn  500.0 3.0e-02   16 25.0    0.87430    0.00338    0.87096
17n-hn  500.0 3.0e-02    8 25.0    0.86072    0.00338    0.85845
17n-hn  500.0 3.0e-02   14 25.0    0.86656    0.00338    0.86961
17n-hn  500.0 3.0e-02    9 25.0    0.85927    0.00338    0.86180
17n-hn  500.0 3.0e-02   13 25.0    0.86879    0.00338    0.86870
17n-hn  500.0 3.0e-02   10 25.0    0.86537    0.00338    0.86426
17n-hn  500.0 3.0e-02   12 25.0    0.86721    0.00338    0.86756
17n-hn  500.0 3.0e-02   11 25.0    0.87011    0.00338    0.86612
17n-hn  500.0 3.0e-02    2 25.0    0.75287    0.00338    0.75860
17n-hn  500.0 3.0e-02   28 25.0    0.87245    0.00338    0.87399
17n-hn  500.0 3.0e-02    8 25.0    0.85691    0.00338    0.85845
18n-hn  500.0 3.0e-02    0 25.0    1.00000    0.00476    0.99990
18n-hn  500.0 3.0e-02   30 25.0    0.87847    0.00476    0.87704
18n-hn  500.0 3.0e-02    1 25.0    0.83622    0.00476    0.83470
18n-hn  500.0 3.0e-02   28 25.0    0.87576    0.00476    0.87704
18n-hn  500.0 3.0e-02    2 25.0    0.84149    0.00476    0.84810
18n-hn  500.0 3.0e-02   26 25.0    0.87788    0.00476    0.87703
18n-hn  500.0 3.0e-02    3 25.0    0.86438    0.00476    0.85819
18n-hn  500.0 3.0e-02   24 25.0    0.87650    0.00476    0.87702
18n-hn  500.0 3.0e-02    4 25.0    0.86910    0.00476    0.86449
18n-hn  500.0 3.0e-02   22 25.0    0.87837    0.00476    0.87699
18n-hn  500.0 3.0e-02    5 25.0    0.87202    0.00476    0.86862
18n-hn  500.0 3.0e-02   20 25.0    0.87622    0.00476    0.87695
18n-hn  500.0 3.0e-02    6 25.0    0.87639    0.00476    0.87129
18n-hn  500.0 3.0e-02   18 25.0    0.87665    0.00476    0.87687
18n-hn  500.0 3.0e-02    7 25.0    0.86852    0.00476    0.87303
18n-hn  500.0 3.0e-02   16 25.0    0.87461    0.00476    0.87675
18n-hn  500.0 3.0e-02    8 25.0    0.87269    0.00476    0.87418
18n-hn  500.0 3.0e-02   14 25.0    0.87434    0.00476    0.87654
18n-hn  500.0 3.0e-02    9 25.0    0.87800    0.00476    0.87496
18n-hn  500.0 3.0e-02   13 25.0    0.87487    0.00476    0.87638
18n-hn  500.0 3.0e-02   10 25.0    0.87240    0.00476    0.87551
18n-hn  500.0 3.0e-02   12 25.0    0.87751    0.00476    0.87618
18n-hn  500.0 3.0e-02   11 25.0    0.87576    0.00476    0.87590
18n-hn  500.0 3.0e-02    2 25.0    0.84680    0.00476    0.84810
18n-hn  500.0 3.0e-02   28 25.0    0.87622    0.00476    0.87704
18n-hn  500.0 3.0e-02    8 25.0    0.87184    0.00476    0.87418
30n-hn  500.0 3.0e-02    0 25.0    1.00000    0.00543    0.99986
30n-hn  500.0 3.0e-02   30 25.0    0.87103    0.00518    0.87283
30n-hn  500.0 3.0e-02    1 25.0    0.83343    0.00511    0.83586
30n-hn  500.0 3.0e-02   28 25.0    0.87462    0.00518    0.87287
30n-hn  500.0 3.0e-02    2 25.0    0.84744    0.00513    0.84706
30n-hn  500.0 3.0e-02   26 25.0    0.87288    0.00518    0.87292
30n-hn  500.0 3.0e-02    3 25.0    0.85451    0.00515    0.85593
30n-hn  500.0 3.0e-02   24 25.0    0.87061    0.00518    0.87296
30n-hn  500.0 3.0e-02    4 25.0    0.86725    0.00517    0.86146
30n-hn  500.0 3.0e-02   22 25.0    0.87140    0.00518    0.87299
30n-hn  500.0 3.0e-02    5 25.0    0.86727    0.00517    0.86445
30n-hn  500.0 3.0e-02   20 25.0    0.86910    0.00517    0.87300
30n-hn  500.0 3.0e-02    6 25.0    0.86673    0.00517    0.86664
30n-hn  500.0 3.0e-02   18 25.0    0.87606    0.00519    0.87297
30n-hn  500.0 3.0e-02    7 25.0    0.86767    0.00517    0.86826
30n-hn  500.0 3.0e-02   16 25.0    0.87527    0.00519    0.87288
30n-hn  500.0 3.0e-02    8 25.0    0.87250    0.00518    0.86960
30n-hn  500.0 3.0e-02   14 25.0    0.86849    0.00517    0.87266
30n-hn  500.0 3.0e-02    9 25.0    0.87155    0.00518    0.87058
30n-hn  500.0 3.0e-02   13 25.0    0.87520    0.00519    0.87249
30n-hn  500.0 3.0e-02   10 25.0    0.86618    0.00517    0.87131
30n-hn  500.0 3.0e-02   12 25.0    0.87070    0.00518    0.87220
30n-hn  500.0 3.0e-02   11 25.0    0.87098    0.00518    0.87184
30n-hn  500.0 3.0e-02    2 25.0    0.84834    0.00514    0.84706
30n-hn  500.0 3.0e-02   28 25.0    0.87523    0.00519    0.87287
30n-hn  500.0 3.0e-02    8 25.0    0.86880    0.00517    0.86960
31n-hn  500.0 3.0e-02    0 25.0    1.00000    0.00477    0.99987
31n-hn  500.0 3.0e-02   30 25.0    0.84827    0.00439    0.83618
31n-hn  500.0 3.0e-02    1 25.0    0.48808    0.00425    0.49103
31n-hn  500.0 3.0e-02   28 25.0    0.84952    0.00440    0.83562
31n-hn  500.0 3.0e-02    2 25.0    0.55544    0.00425    0.55096
31n-hn  500.0 3.0e-02   26 25.0    0.84164    0.00438    0.83490
31n-hn  500.0 3.0e-02    3 25.0    0.60835    0.00425    0.61199
31n-hn  500.0 3.0e-02   24 25.0    0.84448    0.00439    0.83396
31n-hn  500.0 3.0e-02    4 25.0    0.68076    0.00425    0.66894
31n-hn  500.0 3.0e-02   22 25.0    0.84129    0.00438    0.83271
31n-hn  500.0 3.0e-02    5 25.0    0.71223    0.00425    0.71280
31n-hn  500.0 3.0e-02   20 25.0    0.82056    0.00433    0.83102
31n-hn  500.0 3.0e-02    6 25.0    0.74983    0.00425    0.74283
31n-hn  500.0 3.0e-02   18 25.0    0.82302    0.00433    0.82866
31n-hn  500.0 3.0e-02    7 25.0    0.76114    0.00425    0.76353
31n-hn  500.0 3.0e-02   16 25.0    0.81820    0.00432    0.82529
31n-hn  500.0 3.0e-02    8 25.0    0.76647    0.00425    0.77924
31n-hn  500.0 3.0e-02   14 25.0    0.81792    0.00432    0.82029
31n-hn  500.0 3.0e-02    9 25.0    0.79057    0.00426    0.79103
31n-hn  500.0 3.0e-02   13 25.0    0.81081    0.00431    0.81688
31n-hn  500.0 3.0e-02   10 25.0    0.79823    0.00428    0.80010
31n-hn  500.0 3.0e-02   12 25.0    0.80256    0.00429    0.81256
31n-hn  500.0 3.0e-02   11 25.0    0.79732    0.00428    0.80710
31n-hn  500.0 3.0e-02    2 25.0    0.55622    0.00425    0.55096
31n-hn  500.0 3.0e-02   28 25.0    0.84341    0.00438    0.83562
31n-hn  500.0 3.0e-02    8 25.0    0.77084    0.00425    0.77924
33n-hn  500.0 3.0e-02    0 25.0    1.00000    0.00955    0.99999
33n-hn  500.0 3.0e-02   30 25.0    0.88999    0.00891    0.88083
33n-hn  500.0 3.0e-02    1 25.0    0.53920    0.00725    0.54322
33n-hn  500.0 3.0e-02   28 25.0    0.88345    0.00887    0.88021
33n-hn  500.0 3.0e-02    2 25.0    0.61944    0.00759    0.60951
33n-hn  500.0 3.0e-02   26 25.0    0.87736    0.00884    0.87945
33n-hn  500.0 3.0e-02    3 25.0    0.68355    0.00788    0.67487
33n-hn  500.0 3.0e-02   24 25.0    0.88631    0.00889    0.87849
33n-hn  500.0 3.0e-02    4 25.0    0.72816    0.00809    0.73080
33n-hn  500.0 3.0e-02   22 25.0    0.89250    0.00892    0.87726
33n-hn  500.0 3.0e-02    5 25.0    0.75751    0.00823    0.77125
33n-hn  500.0 3.0e-02   20 25.0    0.87503    0.00883    0.87565
33n-hn  500.0 3.0e-02    6 25.0    0.79715    0.00843    0.79896
33n-hn  500.0 3.0e-02   18 25.0    0.87782    0.00884    0.87350
33n-hn  500.0 3.0e-02    7 25.0    0.81722    0.00853    0.81833
33n-hn  500.0 3.0e-02   16 25.0    0.86822    0.00879    0.87052
33n-hn  500.0 3.0e-02    8 25.0    0.84462    0.00867    0.83207
33n-hn  500.0 3.0e-02   14 25.0    0.86287    0.00877    0.86626
33n-hn  500.0 3.0e-02    9 25.0    0.84361    0.00866    0.84212
33n-hn  500.0 3.0e-02   13 25.0    0.85664    0.00873    0.86340
33n-hn  500.0 3.0e-02   10 25.0    0.84500    0.00867    0.84962
33n-hn  500.0 3.0e-02   12 25.0    0.84678    0.00868    0.85984
33n-hn  500.0 3.0e-02   11 25.0    0.85088    0.00870    0.85537
33n-hn  500.0 3.0e-02    2 25.0    0.61093    0.00756    0.60951
33n-hn  500.0 3.0e-02   28 25.0    0.87568    0.00883    0.88021
33n-hn  500.0 3.0e-02    8 25.0    0.82524    0.00857    0.83207
34n-hn  500.0 3.0e-02    0 25.0    1.00000    0.00445    0.99991
34n-hn  500.0 3.0e-02   30 25.0    0.87057    0.00445    0.86454
34n-hn  500.0 3.0e-02    1 25.0    0.43263    0.00445    0.43361
34n-hn  500.0 3.0e-02   28 25.0    0.86037    0.00445    0.86212
34n-hn  500.0 3.0e-02    2 25.0    0.42984    0.00445    0.43589
34n-hn  500.0 3.0e-02   26 25.0    0.86901    0.00445    0.85915
34n-hn  500.0 3.0e-02    3 25.0    0.46210    0.00445    0.45895
34n-hn  500.0 3.0e-02   24 25.0    0.85358    0.00445    0.85542
34n-hn  500.0 3.0e-02    4 25.0    0.51285    0.00445    0.50258
34n-hn  500.0 3.0e-02   22 25.0    0.85105    0.00445    0.85068
34n-hn  500.0 3.0e-02    5 25.0    0.56626    0.00445    0.55998
34n-hn  500.0 3.0e-02   20 25.0    0.84605    0.00445    0.84453
34n-hn  500.0 3.0e-02    6 25.0    0.61812    0.00445    0.61427
34n-hn  500.0 3.0e-02   18 25.0    0.83856    0.00445    0.83636
34n-hn  500.0 3.0e-02    7 25.0    0.66431    0.00445    0.66062
34n-hn  500.0 3.0e-02   16 25.0    0.82347    0.00445    0.82522
34n-hn  500.0 3.0e-02    8 25.0    0.69547    0.00445    0.69817
34n-hn  500.0 3.0e-02   14 25.0    0.81507    0.00445    0.80954
34n-hn  500.0 3.0e-02    9 25.0    0.72121    0.00445    0.72813
34n-hn  500.0 3.0e-02   13 25.0    0.79494    0.00445    0.79912
34n-hn  500.0 3.0e-02   10 25.0    0.74959    0.00445    0.75213
34n-hn  500.0 3.0e-02   12 25.0    0.78286    0.00445    0.78669
34n-hn  500.0 3.0e-02   11 25.0    0.76445    0.00445    0.77116
34n-hn  500.0 3.0e-02    2 25.0    0.42811    0.00445    0.43589
34n-hn  500.0 3.0e-02   28 25.0    0.86102    0.00445    0.86212
34n-hn  500.0 3.0e-02    8 25.0    0.69199    0.00445    0.69817
35n-hn  500.0 3.0e-02    0 25.0    1.00000    0.00465    1.00000
35n-hn  500.0 3.0e-02   30 25.0    0.88539    0.00441    0.88317
35n-hn  500.0 3.0e-02    1 25.0    0.73944    0.00414    0.75022
35n-hn  500.0 3.0e-02   28 25.0    0.88180    0.00441    0.88303
35n-hn  500.0 3.0e-02    2 25.0    0.78735    0.00423    0.78928
35n-hn  500.0 3.0e-02   26 25.0    0.88009    0.00440    0.88284
35n-hn  500.0 3.0e-02    3 25.0    0.81763    0.00428    0.82057
35n-hn  500.0 3.0e-02   24 25.0    0.88213    0.00441    0.88261
35n-hn  500.0 3.0e-02    4 25.0    0.84075    0.00433    0.84095
35n-hn  500.0 3.0e-02   22 25.0    0.88633    0.00442    0.88231
35n-hn  500.0 3.0e-02    5 25.0    0.85442    0.00435    0.85371
35n-hn  500.0 3.0e-02   20 25.0    0.88563    0.00441    0.88192
35n-hn  500.0 3.0e-02    6 25.0    0.86160    0.00437    0.86179
35n-hn  500.0 3.0e-02   18 25.0    0.88256    0.00441    0.88140
35n-hn  500.0 3.0e-02    7 25.0    0.86263    0.00437    0.86716
35n-hn  500.0 3.0e-02   16 25.0    0.88344    0.00441    0.88067
35n-hn  500.0 3.0e-02    8 25.0    0.86843    0.00438    0.87084
35n-hn  500.0 3.0e-02   14 25.0    0.88387    0.00441    0.87961
35n-hn  500.0 3.0e-02    9 25.0    0.86958    0.00438    0.87348
35n-hn  500.0 3.0e-02   13 25.0    0.88350    0.00441    0.87890
35n-hn  500.0 3.0e-02   10 25.0    0.87558    0.00439    0.87542
35n-hn  500.0 3.0e-02   12 25.0    0.87474    0.00439    0.87801
35n-hn  500.0 3.0e-02   11 25.0    0.88120    0.00441    0.87688
35n-hn  500.0 3.0e-02    2 25.0    0.79413    0.00424    0.78928
35n-hn  500.0 3.0e-02   28 25.0    0.88230    0.00441    0.88303
35n-hn  500.0 3.0e-02    8 25.0    0.87319    0.00439    0.87084
36n-hn  500.0 3.0e-02    0 25.0    1.00000    0.01165    1.00010
36n-hn  500.0 3.0e-02   30 25.0    0.88027    0.01124    0.88363
36n-hn  500.0 3.0e-02    1 25.0    0.83002    0.01108    0.83791
36n-hn  500.0 3.0e-02   28 25.0    0.87764    0.01123    0.88363
36n-hn  500.0 3.0e-02    2 25.0    0.85535    0.01116    0.85236
36n-hn  500.0 3.0e-02   26 25.0    0.87697    0.01123    0.88362
36n-hn  500.0 3.0e-02    3 25.0    0.86339    0.01118    0.86328
36n-hn  500.0 3.0e-02   24 25.0    0.88188    0.01124    0.88360
36n-hn  500.0 3.0e-02    4 25.0    0.87161    0.01121    0.87001
36n-hn  500.0 3.0e-02   22 25.0    0.88636    0.01126    0.88357
36n-hn  500.0 3.0e-02    5 25.0    0.87530    0.01122    0.87441
36n-hn  500.0 3.0e-02   20 25.0    0.88784    0.01126    0.88352
36n-hn  500.0 3.0e-02    6 25.0    0.87203    0.01121    0.87730
36n-hn  500.0 3.0e-02   18 25.0    0.88393    0.01125    0.88343
36n-hn  500.0 3.0e-02    7 25.0    0.88892    0.01127    0.87920
36n-hn  500.0 3.0e-02   16 25.0    0.88226    0.01125    0.88329
36n-hn  500.0 3.0e-02    8 25.0    0.89510    0.01129    0.88046
36n-hn  500.0 3.0e-02   14 25.0    0.88865    0.01127    0.88306
36n-hn  500.0 3.0e-02    9 25.0    0.88268    0.01125    0.88132
36n-hn  500.0 3.0e-02   13 25.0    0.88265    0.01125    0.88289
36n-hn  500.0 3.0e-02   10 25.0    0.87848    0.01123    0.88192
36n-hn  500.0 3.0e-02   12 25.0    0.87720    0.01123    0.88266
36n-hn  500.0 3.0e-02   11 25.0    0.88045    0.01124    0.88235
36n-hn  500.0 3.0e-02    2 25.0    0.85837    0.01117    0.85236
36n-hn  500.0 3.0e-02   28 25.0    0.87983    0.01124    0.88363
36n-hn  500.0 3.0e-02    8 25.0    0.87710    0.01123    0.88046
37n-hn  500.0 3.0e-02    0 25.0    1.00000    0.01178    0.99993
37n-hn  500.0 3.0e-02   30 25.0    0.88683    0.01104    0.89132
37n-hn  500.0 3.0e-02    1 25.0    0.56974    0.00925    0.57115
37n-hn  500.0 3.0e-02   28 25.0    0.86985    0.01093    0.89080
37n-hn  500.0 3.0e-02    2 25.0    0.63925    0.00960    0.63895
37n-hn  500.0 3.0e-02   26 25.0    0.88942    0.01105    0.89015
37n-hn  500.0 3.0e-02    3 25.0    0.70940    0.00998    0.70355
37n-hn  500.0 3.0e-02   24 25.0    0.90064    0.01112    0.88934
37n-hn  500.0 3.0e-02    4 25.0    0.75759    0.01025    0.75616
37n-hn  500.0 3.0e-02   22 25.0    0.87878    0.01099    0.88829
37n-hn  500.0 3.0e-02    5 25.0    0.79228    0.01046    0.79346
37n-hn  500.0 3.0e-02   20 25.0    0.89798    0.01111    0.88692
37n-hn  500.0 3.0e-02    6 25.0    0.82889    0.01068    0.81878
37n-hn  500.0 3.0e-02   18 25.0    0.90727    0.01116    0.88508
37n-hn  500.0 3.0e-02    7 25.0    0.83647    0.01072    0.83628
37n-hn  500.0 3.0e-02   16 25.0    0.88443    0.01102    0.88252
37n-hn  500.0 3.0e-02    8 25.0    0.85372    0.01083    0.84864
37n-hn  500.0 3.0e-02   14 25.0    0.87967    0.01099    0.87882
37n-hn  500.0 3.0e-02    9 25.0    0.85365    0.01083    0.85757
37n-hn  500.0 3.0e-02   13 25.0    0.87030    0.01093    0.87631
37n-hn  500.0 3.0e-02   10 25.0    0.85422    0.01083    0.86425
37n-hn  500.0 3.0e-02   12 25.0    0.87096    0.01094    0.87323
37n-hn  500.0 3.0e-02   11 25.0    0.86741    0.01091    0.86928
37n-hn  500.0 3.0e-02    2 25.0    0.63943    0.00960    0.63895
37n-hn  500.0 3.0e-02   28 25.0    0.89785    0.01110    0.89080
37n-hn  500.0 3.0e-02    8 25.0    0.83535    0.01072    0.84864
49n-hn  500.0 3.0e-02    0 25.0    1.00000    0.00694    1.00010
49n-hn  500.0 3.0e-02   30 25.0    0.82080    0.00627    0.83990
49n-hn  500.0 3.0e-02    1 25.0    0.70786    0.00597    0.70526
49n-hn  500.0 3.0e-02   28 25.0    0.84772    0.00633    0.83976
49n-hn  500.0 3.0e-02    2 25.0    0.75208    0.00607    0.74430
49n-hn  500.0 3.0e-02   26 25.0    0.83365    0.00629    0.83958
49n-hn  500.0 3.0e-02    3 25.0    0.76299    0.00611    0.77624
49n-hn  500.0 3.0e-02   24 25.0    0.82263    0.00627    0.83936
49n-hn  500.0 3.0e-02    4 25.0    0.80501    0.00622    0.79714
49n-hn  500.0 3.0e-02   22 25.0    0.83842    0.00631    0.83907
49n-hn  500.0 3.0e-02    5 25.0    0.81788    0.00625    0.81020
49n-hn  500.0 3.0e-02   20 25.0    0.85619    0.00635    0.83869
49n-hn  500.0 3.0e-02    6 25.0    0.82385    0.00627    0.81844
49n-hn  500.0 3.0e-02   18 25.0    0.83917    0.00631    0.83818
49n-hn  500.0 3.0e-02    7 25.0    0.82932    0.00628    0.82389
49n-hn  500.0 3.0e-02   16 25.0    0.83385    0.00630    0.83746
49n-hn  500.0 3.0e-02    8 25.0    0.82504    0.00628    0.82763
49n-hn  500.0 3.0e-02   14 25.0    0.84200    0.00632    0.83642
49n-hn  500.0 3.0e-02    9 25.0    0.83149    0.00630    0.83028
49n-hn  500.0 3.0e-02   13 25.0    0.83696    0.00631    0.83571
49n-hn  500.0 3.0e-02   10 25.0    0.83099    0.00629    0.83223
49n-hn  500.0 3.0e-02   12 25.0    0.82910    0.00629    0.83483
49n-hn  500.0 3.0e-02   11 25.0    0.82810    0.00628    0.83369
49n-hn  500.0 3.0e-02    2 25.0    0.73712    0.00604    0.74430
49n-hn  500.0 3.0e-02   28 25.0    0.84402    0.00632    0.83976
49n-hn  500.0 3.0e-02    8 25.0    0.83520    0.00630    0.82763
52n-hn  500.0 3.0e-02    0 25.0    1.00000    0.00437    0.99998
52n-hn  500.0 3.0e-02   30 25.0    0.86035    0.00437    0.84983
52n-hn  500.0 3.0e-02    1 25.0    0.62822    0.00437    0.63316
52n-hn  500.0 3.0e-02   28 25.0    0.85210    0.00437    0.84958
52n-hn  500.0 3.0e-02    2 25.0    0.69483    0.00437    0.68933
52n-hn  500.0 3.0e-02   26 25.0    0.84703    0.00437    0.84926
52n-hn  500.0 3.0e-02    3 25.0    0.72539    0.00437    0.73772
52n-hn  500.0 3.0e-02   24 25.0    0.85804    0.00437    0.84886
52n-hn  500.0 3.0e-02    4 25.0    0.77045    0.00437    0.77238
52n-hn  500.0 3.0e-02   22 25.0    0.84660    0.00437    0.84834
52n-hn  500.0 3.0e-02    5 25.0    0.79653    0.00437    0.79530
52n-hn  500.0 3.0e-02   20 25.0    0.85194    0.00437    0.84765
52n-hn  500.0 3.0e-02    6 25.0    0.81802    0.00437    0.81022
52n-hn  500.0 3.0e-02   18 25.0    0.84460    0.00437    0.84671
52n-hn  500.0 3.0e-02    7 25.0    0.80705    0.00437    0.82024
52n-hn  500.0 3.0e-02   16 25.0    0.84855    0.00437    0.84539
52n-hn  500.0 3.0e-02    8 25.0    0.82738    0.00437    0.82716
52n-hn  500.0 3.0e-02   14 25.0    0.84508    0.00437    0.84347
52n-hn  500.0 3.0e-02    9 25.0    0.83204    0.00437    0.83208
52n-hn  500.0 3.0e-02   13 25.0    0.84088    0.00437    0.84215
52n-hn  500.0 3.0e-02   10 25.0    0.83252    0.00437    0.83571
52n-hn  500.0 3.0e-02   12 25.0    0.83699    0.00437    0.84052
52n-hn  500.0 3.0e-02   11 25.0    0.83715    0.00437    0.83842
52n-hn  500.0 3.0e-02    2 25.0    0.68628    0.00437    0.68933
52n-hn  500.0 3.0e-02   28 25.0    0.85133    0.00437    0.84958
52n-hn  500.0 3.0e-02    8 25.0    0.82745    0.00437    0.82716
53n-hn  500.0 3.0e-02    0 25.0    1.00000    0.00448    1.00009
53n-hn  500.0 3.0e-02   30 25.0    0.84393    0.00448    0.85254
53n-hn  500.0 3.0e-02    1 25.0    0.74580    0.00448    0.74050
53n-hn  500.0 3.0e-02   28 25.0    0.84363    0.00448    0.85245
53n-hn  500.0 3.0e-02    2 25.0    0.77015    0.00448    0.77389
53n-hn  500.0 3.0e-02   26 25.0    0.85896    0.00448    0.85233
53n-hn  500.0 3.0e-02    3 25.0    0.80002    0.00448    0.80031
53n-hn  500.0 3.0e-02   24 25.0    0.84633    0.00448    0.85218
53n-hn  500.0 3.0e-02    4 25.0    0.82936    0.00448    0.81777
53n-hn  500.0 3.0e-02   22 25.0    0.85618    0.00448    0.85198
53n-hn  500.0 3.0e-02    5 25.0    0.83527    0.00448    0.82872
53n-hn  500.0 3.0e-02   20 25.0    0.85226    0.00448    0.85171
53n-hn  500.0 3.0e-02    6 25.0    0.84150    0.00448    0.83559
53n-hn  500.0 3.0e-02   18 25.0    0.85079    0.00448    0.85134
53n-hn  500.0 3.0e-02    7 25.0    0.84189    0.00448    0.84008
53n-hn  500.0 3.0e-02   16 25.0    0.85058    0.00448    0.85082
53n-hn  500.0 3.0e-02    8 25.0    0.84724    0.00448    0.84312
53n-hn  500.0 3.0e-02   14 25.0    0.85166    0.00448    0.85004
53n-hn  500.0 3.0e-02    9 25.0    0.84718    0.00448    0.84525
53n-hn  500.0 3.0e-02   13 25.0    0.85237    0.00448    0.84950
53n-hn  500.0 3.0e-02   10 25.0    0.84652    0.00448    0.84680
53n-hn  500.0 3.0e-02   12 25.0    0.84340    0.00448    0.84882
53n-hn  500.0 3.0e-02   11 25.0    0.84409    0.00448    0.84794
53n-hn  500.0 3.0e-02    2 25.0    0.76989    0.00448    0.77389
53n-hn  500.0 3.0e-02   28 25.0    0.84956    0.00448    0.85245
53n-hn  500.0 3.0e-02    8 25.0    0.83540    0.00448    0.84312
