8N-HN   800.0 3.0e-02    0 25.0    1.00000    0.00833    1.00022
8N-HN   800.0 3.0e-02   30 25.0    0.86346    0.00793    0.86561
8N-HN   800.0 3.0e-02    1 25.0    0.61997    0.00732    0.61536
8N-HN   800.0 3.0e-02   27 25.0    0.87029    0.00795    0.86538
8N-HN   800.0 3.0e-02    2 25.0    0.67807    0.00745    0.67741
8N-HN   800.0 3.0e-02   24 25.0    0.86705    0.00794    0.86462
8N-HN   800.0 3.0e-02    3 25.0    0.73523    0.00759    0.73043
8N-HN   800.0 3.0e-02   21 25.0    0.86935    0.00795    0.86377
8N-HN   800.0 3.0e-02    4 25.0    0.77194    0.00768    0.76938
8N-HN   800.0 3.0e-02   18 25.0    0.86119    0.00792    0.86200
8N-HN   800.0 3.0e-02    5 25.0    0.80448    0.00777    0.79725
8N-HN   800.0 3.0e-02   15 25.0    0.86143    0.00792    0.85911
8N-HN   800.0 3.0e-02    6 25.0    0.79992    0.00776    0.81501
8N-HN   800.0 3.0e-02   12 25.0    0.85625    0.00791    0.85337
8N-HN   800.0 3.0e-02    7 25.0    0.81937    0.00781    0.82640
8N-HN   800.0 3.0e-02   10 25.0    0.84374    0.00787    0.84652
8N-HN   800.0 3.0e-02    8 25.0    0.82714    0.00783    0.83511
8N-HN   800.0 3.0e-02    4 25.0    0.76995    0.00768    0.76938
8N-HN   800.0 3.0e-02    1 25.0    0.61910    0.00732    0.61536
8N-HN   800.0 3.0e-02   27 25.0    0.86111    0.00792    0.86538
9N-HN   800.0 3.0e-02    0 25.0    1.00000    0.00542    1.00003
9N-HN   800.0 3.0e-02   30 25.0    0.86931    0.00520    0.87274
9N-HN   800.0 3.0e-02    1 25.0    0.82482    0.00513    0.82420
9N-HN   800.0 3.0e-02   27 25.0    0.87280    0.00520    0.87267
9N-HN   800.0 3.0e-02    2 25.0    0.84320    0.00516    0.83984
9N-HN   800.0 3.0e-02   24 25.0    0.87448    0.00521    0.87257
9N-HN   800.0 3.0e-02    3 25.0    0.85462    0.00518    0.85156
9N-HN   800.0 3.0e-02   21 25.0    0.87457    0.00521    0.87242
9N-HN   800.0 3.0e-02    4 25.0    0.86360    0.00519    0.85875
9N-HN   800.0 3.0e-02   18 25.0    0.86701    0.00519    0.87219
9N-HN   800.0 3.0e-02    5 25.0    0.86419    0.00519    0.86310
9N-HN   800.0 3.0e-02   15 25.0    0.87870    0.00521    0.87181
9N-HN   800.0 3.0e-02    6 25.0    0.86658    0.00519    0.86581
9N-HN   800.0 3.0e-02   12 25.0    0.86548    0.00519    0.87111
9N-HN   800.0 3.0e-02    7 25.0    0.86190    0.00519    0.86758
9N-HN   800.0 3.0e-02   10 25.0    0.87156    0.00520    0.87028
9N-HN   800.0 3.0e-02    8 25.0    0.86492    0.00519    0.86879
9N-HN   800.0 3.0e-02    4 25.0    0.85890    0.00518    0.85875
9N-HN   800.0 3.0e-02    1 25.0    0.82237    0.00513    0.82420
9N-HN   800.0 3.0e-02   27 25.0    0.87226    0.00520    0.87267
10N-HN  800.0 3.0e-02    0 25.0    1.00000    0.00508    1.00008
10N-HN  800.0 3.0e-02   30 25.0    0.85814    0.00508    0.86280
10N-HN  800.0 3.0e-02    1 25.0    0.71987    0.00508    0.72294
10N-HN  800.0 3.0e-02   27 25.0    0.86324    0.00508    0.86259
10N-HN  800.0 3.0e-02    2 25.0    0.76727    0.00508    0.76344
10N-HN  800.0 3.0e-02   24 25.0    0.86467    0.00508    0.86230
10N-HN  800.0 3.0e-02    3 25.0    0.79970    0.00508    0.79582
10N-HN  800.0 3.0e-02   21 25.0    0.86111    0.00508    0.86186
10N-HN  800.0 3.0e-02    4 25.0    0.81317    0.00508    0.81773
10N-HN  800.0 3.0e-02   18 25.0    0.85688    0.00508    0.86117
10N-HN  800.0 3.0e-02    5 25.0    0.83230    0.00508    0.83169
10N-HN  800.0 3.0e-02   15 25.0    0.85963    0.00508    0.85999
10N-HN  800.0 3.0e-02    6 25.0    0.84892    0.00508    0.84052
10N-HN  800.0 3.0e-02   12 25.0    0.85555    0.00508    0.85780
10N-HN  800.0 3.0e-02    7 25.0    0.85299    0.00508    0.84634
10N-HN  800.0 3.0e-02   10 25.0    0.85639    0.00508    0.85512
10N-HN  800.0 3.0e-02    8 25.0    0.84928    0.00508    0.85030
10N-HN  800.0 3.0e-02    4 25.0    0.81527    0.00508    0.81773
10N-HN  800.0 3.0e-02    1 25.0    0.71998    0.00508    0.72294
10N-HN  800.0 3.0e-02   27 25.0    0.86114    0.00508    0.86259
11N-HN  800.0 3.0e-02    0 25.0    1.00000    0.00405    0.99995
11N-HN  800.0 3.0e-02   30 25.0    0.86324    0.00405    0.86174
11N-HN  800.0 3.0e-02    1 25.0    0.80542    0.00405    0.80026
11N-HN  800.0 3.0e-02   27 25.0    0.85875    0.00405    0.86162
11N-HN  800.0 3.0e-02    2 25.0    0.81999    0.00405    0.81855
11N-HN  800.0 3.0e-02   24 25.0    0.85854    0.00405    0.86166
11N-HN  800.0 3.0e-02    3 25.0    0.83334    0.00405    0.83276
11N-HN  800.0 3.0e-02   21 25.0    0.86355    0.00405    0.86129
11N-HN  800.0 3.0e-02    4 25.0    0.83478    0.00405    0.84180
11N-HN  800.0 3.0e-02   18 25.0    0.86790    0.00405    0.86063
11N-HN  800.0 3.0e-02    5 25.0    0.84224    0.00405    0.84612
11N-HN  800.0 3.0e-02   15 25.0    0.85679    0.00405    0.85927
11N-HN  800.0 3.0e-02    6 25.0    0.85265    0.00405    0.84978
11N-HN  800.0 3.0e-02   12 25.0    0.86113    0.00405    0.85708
11N-HN  800.0 3.0e-02    7 25.0    0.84744    0.00405    0.85218
11N-HN  800.0 3.0e-02   10 25.0    0.86339    0.00405    0.85560
11N-HN  800.0 3.0e-02    8 25.0    0.85312    0.00405    0.85387
11N-HN  800.0 3.0e-02    4 25.0    0.83905    0.00405    0.84180
11N-HN  800.0 3.0e-02    1 25.0    0.79856    0.00405    0.80026
11N-HN  800.0 3.0e-02   27 25.0    0.85806    0.00405    0.86162
12N-HN  800.0 3.0e-02    0 25.0    1.00000    0.00480    0.99991
12N-HN  800.0 3.0e-02   30 25.0    0.86991    0.00457    0.87334
12N-HN  800.0 3.0e-02    1 25.0    0.82906    0.00450    0.83219
12N-HN  800.0 3.0e-02   27 25.0    0.87183    0.00457    0.87357
12N-HN  800.0 3.0e-02    2 25.0    0.84394    0.00452    0.84506
12N-HN  800.0 3.0e-02   24 25.0    0.86849    0.00457    0.87351
12N-HN  800.0 3.0e-02    3 25.0    0.85742    0.00454    0.85428
12N-HN  800.0 3.0e-02   21 25.0    0.87907    0.00458    0.87364
12N-HN  800.0 3.0e-02    4 25.0    0.86472    0.00455    0.86027
12N-HN  800.0 3.0e-02   18 25.0    0.87506    0.00458    0.87346
12N-HN  800.0 3.0e-02    5 25.0    0.86676    0.00456    0.86391
12N-HN  800.0 3.0e-02   15 25.0    0.87535    0.00457    0.87318
12N-HN  800.0 3.0e-02    6 25.0    0.86654    0.00456    0.86611
12N-HN  800.0 3.0e-02   12 25.0    0.86774    0.00456    0.87222
12N-HN  800.0 3.0e-02    7 25.0    0.86183    0.00455    0.86749
12N-HN  800.0 3.0e-02   10 25.0    0.87677    0.00457    0.87096
12N-HN  800.0 3.0e-02    8 25.0    0.86884    0.00456    0.86894
12N-HN  800.0 3.0e-02    4 25.0    0.86581    0.00455    0.86027
12N-HN  800.0 3.0e-02    1 25.0    0.83011    0.00450    0.83219
12N-HN  800.0 3.0e-02   27 25.0    0.86889    0.00457    0.87357
13N-HN  800.0 3.0e-02    0 25.0    1.00000    0.00576    0.99958
13N-HN  800.0 3.0e-02   30 25.0    0.88083    0.00576    0.87320
13N-HN  800.0 3.0e-02    1 25.0    0.81704    0.00576    0.82489
13N-HN  800.0 3.0e-02   27 25.0    0.86442    0.00576    0.87310
13N-HN  800.0 3.0e-02    2 25.0    0.84850    0.00576    0.83965
13N-HN  800.0 3.0e-02   24 25.0    0.86265    0.00576    0.87316
13N-HN  800.0 3.0e-02    3 25.0    0.85630    0.00576    0.85042
13N-HN  800.0 3.0e-02   21 25.0    0.87295    0.00576    0.87287
13N-HN  800.0 3.0e-02    4 25.0    0.85685    0.00576    0.85760
13N-HN  800.0 3.0e-02   18 25.0    0.87095    0.00576    0.87234
13N-HN  800.0 3.0e-02    5 25.0    0.85982    0.00576    0.86080
13N-HN  800.0 3.0e-02   15 25.0    0.87366    0.00576    0.87121
13N-HN  800.0 3.0e-02    6 25.0    0.86707    0.00576    0.86370
13N-HN  800.0 3.0e-02   12 25.0    0.87001    0.00576    0.86938
13N-HN  800.0 3.0e-02    7 25.0    0.86097    0.00576    0.86550
13N-HN  800.0 3.0e-02   10 25.0    0.87461    0.00576    0.86817
13N-HN  800.0 3.0e-02    8 25.0    0.87200    0.00576    0.86683
13N-HN  800.0 3.0e-02    4 25.0    0.85658    0.00576    0.85760
13N-HN  800.0 3.0e-02    1 25.0    0.82235    0.00576    0.82489
13N-HN  800.0 3.0e-02   27 25.0    0.87035    0.00576    0.87310
14N-HN  800.0 3.0e-02    0 25.0    1.00000    0.01329    1.00041
14N-HN  800.0 3.0e-02   30 25.0    0.87599    0.01238    0.87925
14N-HN  800.0 3.0e-02    1 25.0    0.54528    0.01056    0.55000
14N-HN  800.0 3.0e-02   27 25.0    0.88150    0.01242    0.87862
14N-HN  800.0 3.0e-02    2 25.0    0.61127    0.01089    0.61657
14N-HN  800.0 3.0e-02   24 25.0    0.87856    0.01242    0.87736
14N-HN  800.0 3.0e-02    3 25.0    0.68525    0.01129    0.68014
14N-HN  800.0 3.0e-02   21 25.0    0.88370    0.01246    0.87577
14N-HN  800.0 3.0e-02    4 25.0    0.73225    0.01156    0.73404
14N-HN  800.0 3.0e-02   18 25.0    0.87315    0.01238    0.87293
14N-HN  800.0 3.0e-02    5 25.0    0.77160    0.01178    0.77370
14N-HN  800.0 3.0e-02   15 25.0    0.86970    0.01237    0.86831
14N-HN  800.0 3.0e-02    6 25.0    0.79866    0.01194    0.80015
14N-HN  800.0 3.0e-02   12 25.0    0.86210    0.01231    0.85953
14N-HN  800.0 3.0e-02    7 25.0    0.81517    0.01202    0.81803
14N-HN  800.0 3.0e-02   10 25.0    0.85045    0.01226    0.84911
14N-HN  800.0 3.0e-02    8 25.0    0.83183    0.01212    0.83149
14N-HN  800.0 3.0e-02    4 25.0    0.73361    0.01158    0.73404
14N-HN  800.0 3.0e-02    1 25.0    0.54606    0.01057    0.55000
14N-HN  800.0 3.0e-02   27 25.0    0.88060    0.01245    0.87862
15N-HN  800.0 3.0e-02    0 25.0    1.00000    0.01176    0.99990
15N-HN  800.0 3.0e-02   30 25.0    0.82009    0.01086    0.81217
15N-HN  800.0 3.0e-02    1 25.0    0.42580    0.00937    0.41379
15N-HN  800.0 3.0e-02   27 25.0    0.80894    0.01081    0.80939
15N-HN  800.0 3.0e-02    2 25.0    0.43790    0.00940    0.42778
15N-HN  800.0 3.0e-02   24 25.0    0.80147    0.01078    0.80556
15N-HN  800.0 3.0e-02    3 25.0    0.46269    0.00947    0.45947
15N-HN  800.0 3.0e-02   21 25.0    0.79062    0.01073    0.80002
15N-HN  800.0 3.0e-02    4 25.0    0.50329    0.00960    0.51235
15N-HN  800.0 3.0e-02   18 25.0    0.79568    0.01075    0.79171
15N-HN  800.0 3.0e-02    5 25.0    0.56752    0.00982    0.56988
15N-HN  800.0 3.0e-02   15 25.0    0.77348    0.01065    0.77835
15N-HN  800.0 3.0e-02    6 25.0    0.60202    0.00995    0.61884
15N-HN  800.0 3.0e-02   12 25.0    0.76062    0.01059    0.75530
15N-HN  800.0 3.0e-02    7 25.0    0.64037    0.01009    0.65775
15N-HN  800.0 3.0e-02   10 25.0    0.73021    0.01046    0.72948
15N-HN  800.0 3.0e-02    8 25.0    0.68749    0.01028    0.68792
15N-HN  800.0 3.0e-02    4 25.0    0.51979    0.00966    0.51235
15N-HN  800.0 3.0e-02    1 25.0    0.43281    0.00939    0.41379
15N-HN  800.0 3.0e-02   27 25.0    0.81510    0.01084    0.80939
16N-HN  800.0 3.0e-02    0 25.0    1.00000    0.00575    1.00007
16N-HN  800.0 3.0e-02   30 25.0    0.84572    0.00575    0.85122
16N-HN  800.0 3.0e-02    1 25.0    0.66297    0.00575    0.66160
16N-HN  800.0 3.0e-02   27 25.0    0.84001    0.00575    0.85116
16N-HN  800.0 3.0e-02    2 25.0    0.71464    0.00575    0.71293
16N-HN  800.0 3.0e-02   24 25.0    0.83993    0.00575    0.85071
16N-HN  800.0 3.0e-02    3 25.0    0.76813    0.00575    0.75503
16N-HN  800.0 3.0e-02   21 25.0    0.85860    0.00575    0.85025
16N-HN  800.0 3.0e-02    4 25.0    0.77740    0.00575    0.78438
16N-HN  800.0 3.0e-02   18 25.0    0.85016    0.00575    0.84913
16N-HN  800.0 3.0e-02    5 25.0    0.80210    0.00575    0.80387
16N-HN  800.0 3.0e-02   15 25.0    0.85064    0.00575    0.84727
16N-HN  800.0 3.0e-02    6 25.0    0.80632    0.00575    0.81611
16N-HN  800.0 3.0e-02   12 25.0    0.85274    0.00575    0.84336
16N-HN  800.0 3.0e-02    7 25.0    0.83366    0.00575    0.82416
16N-HN  800.0 3.0e-02   10 25.0    0.83907    0.00575    0.83856
16N-HN  800.0 3.0e-02    8 25.0    0.82084    0.00575    0.83038
16N-HN  800.0 3.0e-02    4 25.0    0.78509    0.00575    0.78438
16N-HN  800.0 3.0e-02    1 25.0    0.66099    0.00575    0.66160
16N-HN  800.0 3.0e-02   27 25.0    0.85944    0.00575    0.85116
17N-HN  800.0 3.0e-02    0 25.0    1.00000    0.00504    1.00001
17N-HN  800.0 3.0e-02   30 25.0    0.84078    0.00475    0.84232
17N-HN  800.0 3.0e-02    1 25.0    0.55193    0.00462    0.55237
17N-HN  800.0 3.0e-02   27 25.0    0.83957    0.00475    0.84157
17N-HN  800.0 3.0e-02    2 25.0    0.61890    0.00462    0.61599
17N-HN  800.0 3.0e-02   24 25.0    0.84246    0.00475    0.84052
17N-HN  800.0 3.0e-02    3 25.0    0.68461    0.00462    0.67556
17N-HN  800.0 3.0e-02   21 25.0    0.83821    0.00475    0.83900
17N-HN  800.0 3.0e-02    4 25.0    0.72653    0.00462    0.72304
17N-HN  800.0 3.0e-02   18 25.0    0.83478    0.00474    0.83669
17N-HN  800.0 3.0e-02    5 25.0    0.75596    0.00462    0.75614
17N-HN  800.0 3.0e-02   15 25.0    0.82689    0.00473    0.83291
17N-HN  800.0 3.0e-02    6 25.0    0.77652    0.00464    0.77838
17N-HN  800.0 3.0e-02   12 25.0    0.82756    0.00473    0.82615
17N-HN  800.0 3.0e-02    7 25.0    0.78904    0.00466    0.79373
17N-HN  800.0 3.0e-02   10 25.0    0.81598    0.00471    0.81823
17N-HN  800.0 3.0e-02    8 25.0    0.80194    0.00469    0.80453
17N-HN  800.0 3.0e-02    4 25.0    0.72602    0.00462    0.72304
17N-HN  800.0 3.0e-02    1 25.0    0.56134    0.00462    0.55237
17N-HN  800.0 3.0e-02   27 25.0    0.84011    0.00475    0.84157
18N-HN  800.0 3.0e-02    0 25.0    1.00000    0.00779    0.99992
18N-HN  800.0 3.0e-02   30 25.0    0.84381    0.00779    0.85190
18N-HN  800.0 3.0e-02    1 25.0    0.75667    0.00779    0.75435
18N-HN  800.0 3.0e-02   27 25.0    0.84543    0.00779    0.85192
18N-HN  800.0 3.0e-02    2 25.0    0.78779    0.00779    0.78329
18N-HN  800.0 3.0e-02   24 25.0    0.84069    0.00779    0.85181
18N-HN  800.0 3.0e-02    3 25.0    0.82380    0.00779    0.80625
18N-HN  800.0 3.0e-02   21 25.0    0.84281    0.00779    0.85170
18N-HN  800.0 3.0e-02    4 25.0    0.81569    0.00779    0.82118
18N-HN  800.0 3.0e-02   18 25.0    0.85315    0.00779    0.85134
18N-HN  800.0 3.0e-02    5 25.0    0.83749    0.00779    0.82997
18N-HN  800.0 3.0e-02   15 25.0    0.86710    0.00779    0.85067
18N-HN  800.0 3.0e-02    6 25.0    0.83912    0.00779    0.83595
18N-HN  800.0 3.0e-02   12 25.0    0.84284    0.00779    0.84912
18N-HN  800.0 3.0e-02    7 25.0    0.84400    0.00779    0.84014
18N-HN  800.0 3.0e-02   10 25.0    0.84911    0.00779    0.84706
18N-HN  800.0 3.0e-02    8 25.0    0.84653    0.00779    0.84322
18N-HN  800.0 3.0e-02    4 25.0    0.81750    0.00779    0.82118
18N-HN  800.0 3.0e-02    1 25.0    0.73869    0.00779    0.75435
18N-HN  800.0 3.0e-02   27 25.0    0.85481    0.00779    0.85192
30N-HN  800.0 3.0e-02    0 25.0    1.00000    0.00651    1.00034
30N-HN  800.0 3.0e-02   30 25.0    0.86735    0.00651    0.86253
30N-HN  800.0 3.0e-02    1 25.0    0.77613    0.00651    0.77389
30N-HN  800.0 3.0e-02   27 25.0    0.85743    0.00651    0.86269
30N-HN  800.0 3.0e-02    2 25.0    0.80346    0.00651    0.80131
30N-HN  800.0 3.0e-02   24 25.0    0.86222    0.00651    0.86250
30N-HN  800.0 3.0e-02    3 25.0    0.82371    0.00651    0.82031
30N-HN  800.0 3.0e-02   21 25.0    0.86738    0.00651    0.86237
30N-HN  800.0 3.0e-02    4 25.0    0.83717    0.00651    0.83451
30N-HN  800.0 3.0e-02   18 25.0    0.85931    0.00651    0.86172
30N-HN  800.0 3.0e-02    5 25.0    0.83243    0.00651    0.84169
30N-HN  800.0 3.0e-02   15 25.0    0.86260    0.00651    0.86053
30N-HN  800.0 3.0e-02    6 25.0    0.84847    0.00651    0.84712
30N-HN  800.0 3.0e-02   12 25.0    0.85660    0.00651    0.85815
30N-HN  800.0 3.0e-02    7 25.0    0.84864    0.00651    0.85017
30N-HN  800.0 3.0e-02   10 25.0    0.85089    0.00651    0.85572
30N-HN  800.0 3.0e-02    8 25.0    0.85046    0.00651    0.85271
30N-HN  800.0 3.0e-02    4 25.0    0.83109    0.00651    0.83451
30N-HN  800.0 3.0e-02    1 25.0    0.77122    0.00651    0.77389
30N-HN  800.0 3.0e-02   27 25.0    0.87277    0.00651    0.86269
31N-HN  800.0 3.0e-02    0 25.0    1.00000    0.01157    1.00120
31N-HN  800.0 3.0e-02   30 25.0    0.80364    0.01058    0.78079
31N-HN  800.0 3.0e-02    1 25.0    0.40172    0.00905    0.39977
31N-HN  800.0 3.0e-02   27 25.0    0.78643    0.01050    0.77822
31N-HN  800.0 3.0e-02    2 25.0    0.39914    0.00905    0.40806
31N-HN  800.0 3.0e-02   24 25.0    0.77303    0.01044    0.77468
31N-HN  800.0 3.0e-02    3 25.0    0.44598    0.00918    0.44150
31N-HN  800.0 3.0e-02   21 25.0    0.76564    0.01040    0.76901
31N-HN  800.0 3.0e-02    4 25.0    0.49196    0.00933    0.49392
31N-HN  800.0 3.0e-02   18 25.0    0.76576    0.01040    0.75999
31N-HN  800.0 3.0e-02    5 25.0    0.54728    0.00951    0.54289
31N-HN  800.0 3.0e-02   15 25.0    0.72910    0.01024    0.74515
31N-HN  800.0 3.0e-02    6 25.0    0.58069    0.00964    0.59082
31N-HN  800.0 3.0e-02   12 25.0    0.71753    0.01019    0.72052
31N-HN  800.0 3.0e-02    7 25.0    0.62818    0.00982    0.62986
31N-HN  800.0 3.0e-02   10 25.0    0.68826    0.01006    0.69637
31N-HN  800.0 3.0e-02    8 25.0    0.66174    0.00995    0.65958
31N-HN  800.0 3.0e-02    4 25.0    0.49516    0.00934    0.49392
31N-HN  800.0 3.0e-02    1 25.0    0.39136    0.00903    0.39977
31N-HN  800.0 3.0e-02   27 25.0    0.78800    0.01051    0.77822
32N-HN  800.0 3.0e-02    0 25.0    1.00000    0.01811    1.00116
32N-HN  800.0 3.0e-02   30 25.0    0.66620    0.01500    0.65477
32N-HN  800.0 3.0e-02    1 25.0    0.31857    0.01270    0.34687
32N-HN  800.0 3.0e-02   27 25.0    0.62521    0.01467    0.63019
32N-HN  800.0 3.0e-02    2 25.0    0.35427    0.01288    0.34957
32N-HN  800.0 3.0e-02   24 25.0    0.60984    0.01455    0.59742
32N-HN  800.0 3.0e-02    3 25.0    0.34799    0.01284    0.34954
32N-HN  800.0 3.0e-02   21 25.0    0.57306    0.01427    0.55733
32N-HN  800.0 3.0e-02    4 25.0    0.34905    0.01285    0.35215
32N-HN  800.0 3.0e-02   18 25.0    0.52283    0.01390    0.50742
32N-HN  800.0 3.0e-02    5 25.0    0.34493    0.01283    0.34572
32N-HN  800.0 3.0e-02   15 25.0    0.43657    0.01334    0.45119
32N-HN  800.0 3.0e-02    6 25.0    0.36623    0.01294    0.34969
32N-HN  800.0 3.0e-02   12 25.0    0.38776    0.01306    0.39409
32N-HN  800.0 3.0e-02    7 25.0    0.31834    0.01270    0.34966
32N-HN  800.0 3.0e-02   10 25.0    0.35761    0.01289    0.36211
32N-HN  800.0 3.0e-02    8 25.0    0.33493    0.01278    0.34825
32N-HN  800.0 3.0e-02    4 25.0    0.37121    0.01297    0.35215
32N-HN  800.0 3.0e-02    1 25.0    0.34139    0.01281    0.34687
32N-HN  800.0 3.0e-02   27 25.0    0.63837    0.01477    0.63019
33N-HN  800.0 3.0e-02    0 25.0    1.00000    0.02541    0.99998
33N-HN  800.0 3.0e-02   30 25.0    0.77770    0.02216    0.81446
33N-HN  800.0 3.0e-02    1 25.0    0.42386    0.01809    0.42094
33N-HN  800.0 3.0e-02   27 25.0    0.80329    0.02251    0.81216
33N-HN  800.0 3.0e-02    2 25.0    0.40826    0.01795    0.44582
33N-HN  800.0 3.0e-02   24 25.0    0.82648    0.02283    0.80897
33N-HN  800.0 3.0e-02    3 25.0    0.50104    0.01884    0.48626
33N-HN  800.0 3.0e-02   21 25.0    0.80684    0.02256    0.80438
33N-HN  800.0 3.0e-02    4 25.0    0.54202    0.01927    0.54483
33N-HN  800.0 3.0e-02   18 25.0    0.81052    0.02261    0.79745
33N-HN  800.0 3.0e-02    5 25.0    0.60976    0.02004    0.60169
33N-HN  800.0 3.0e-02   15 25.0    0.81271    0.02264    0.78629
33N-HN  800.0 3.0e-02    6 25.0    0.64648    0.02048    0.64732
33N-HN  800.0 3.0e-02   12 25.0    0.76592    0.02201    0.76687
33N-HN  800.0 3.0e-02    7 25.0    0.67254    0.02080    0.68242
33N-HN  800.0 3.0e-02   10 25.0    0.77300    0.02210    0.74490
33N-HN  800.0 3.0e-02    8 25.0    0.70807    0.02125    0.70898
33N-HN  800.0 3.0e-02    4 25.0    0.52971    0.01914    0.54483
33N-HN  800.0 3.0e-02    1 25.0    0.40099    0.01788    0.42094
33N-HN  800.0 3.0e-02   27 25.0    0.83079    0.02289    0.81216
34N-HN  800.0 3.0e-02    0 25.0    1.00000    0.00660    1.00013
34N-HN  800.0 3.0e-02   30 25.0    0.79403    0.00660    0.79453
34N-HN  800.0 3.0e-02    1 25.0    0.38454    0.00660    0.38402
34N-HN  800.0 3.0e-02   27 25.0    0.79697    0.00660    0.78616
34N-HN  800.0 3.0e-02    2 25.0    0.38484    0.00660    0.38549
34N-HN  800.0 3.0e-02   24 25.0    0.77249    0.00660    0.77406
34N-HN  800.0 3.0e-02    3 25.0    0.38132    0.00660    0.38432
34N-HN  800.0 3.0e-02   21 25.0    0.75645    0.00660    0.75737
34N-HN  800.0 3.0e-02    4 25.0    0.39019    0.00660    0.38844
34N-HN  800.0 3.0e-02   18 25.0    0.73164    0.00660    0.73226
34N-HN  800.0 3.0e-02    5 25.0    0.40137    0.00660    0.40185
34N-HN  800.0 3.0e-02   15 25.0    0.69908    0.00660    0.69434
34N-HN  800.0 3.0e-02    6 25.0    0.44148    0.00660    0.43337
34N-HN  800.0 3.0e-02   12 25.0    0.63633    0.00660    0.63550
34N-HN  800.0 3.0e-02    7 25.0    0.46830    0.00660    0.47102
34N-HN  800.0 3.0e-02   10 25.0    0.58081    0.00660    0.58022
34N-HN  800.0 3.0e-02    8 25.0    0.50000    0.00660    0.51087
34N-HN  800.0 3.0e-02    4 25.0    0.37854    0.00660    0.38844
34N-HN  800.0 3.0e-02    1 25.0    0.38022    0.00660    0.38402
34N-HN  800.0 3.0e-02   27 25.0    0.78562    0.00660    0.78616
35N-HN  800.0 3.0e-02    0 25.0    1.00000    0.00461    1.00009
35N-HN  800.0 3.0e-02   30 25.0    0.84602    0.00461    0.85067
35N-HN  800.0 3.0e-02    1 25.0    0.59689    0.00461    0.59629
35N-HN  800.0 3.0e-02   27 25.0    0.84824    0.00461    0.85011
35N-HN  800.0 3.0e-02    2 25.0    0.65742    0.00461    0.65756
35N-HN  800.0 3.0e-02   24 25.0    0.84036    0.00461    0.84933
35N-HN  800.0 3.0e-02    3 25.0    0.72056    0.00461    0.71267
35N-HN  800.0 3.0e-02   21 25.0    0.83535    0.00461    0.84818
35N-HN  800.0 3.0e-02    4 25.0    0.76184    0.00461    0.75407
35N-HN  800.0 3.0e-02   18 25.0    0.84140    0.00461    0.84642
35N-HN  800.0 3.0e-02    5 25.0    0.78040    0.00461    0.78189
35N-HN  800.0 3.0e-02   15 25.0    0.85403    0.00461    0.84352
35N-HN  800.0 3.0e-02    6 25.0    0.80161    0.00461    0.80019
35N-HN  800.0 3.0e-02   12 25.0    0.83861    0.00461    0.83829
35N-HN  800.0 3.0e-02    7 25.0    0.81578    0.00461    0.81259
35N-HN  800.0 3.0e-02   10 25.0    0.83230    0.00461    0.83209
35N-HN  800.0 3.0e-02    8 25.0    0.81977    0.00461    0.82125
35N-HN  800.0 3.0e-02    4 25.0    0.75733    0.00461    0.75407
35N-HN  800.0 3.0e-02    1 25.0    0.59291    0.00461    0.59629
35N-HN  800.0 3.0e-02   27 25.0    0.85663    0.00461    0.85011
36N-HN  800.0 3.0e-02    0 25.0    1.00000    0.00693    1.00012
36N-HN  800.0 3.0e-02   30 25.0    0.86140    0.00693    0.86006
36N-HN  800.0 3.0e-02    1 25.0    0.74737    0.00693    0.75574
36N-HN  800.0 3.0e-02   27 25.0    0.86714    0.00693    0.86009
36N-HN  800.0 3.0e-02    2 25.0    0.79345    0.00693    0.78596
36N-HN  800.0 3.0e-02   24 25.0    0.85420    0.00693    0.85996
36N-HN  800.0 3.0e-02    3 25.0    0.82795    0.00693    0.81075
36N-HN  800.0 3.0e-02   21 25.0    0.85467    0.00693    0.85982
36N-HN  800.0 3.0e-02    4 25.0    0.82205    0.00693    0.82684
36N-HN  800.0 3.0e-02   18 25.0    0.86795    0.00693    0.85940
36N-HN  800.0 3.0e-02    5 25.0    0.83773    0.00693    0.83637
36N-HN  800.0 3.0e-02   15 25.0    0.86402    0.00693    0.85865
36N-HN  800.0 3.0e-02    6 25.0    0.83729    0.00693    0.84273
36N-HN  800.0 3.0e-02   12 25.0    0.85267    0.00693    0.85691
36N-HN  800.0 3.0e-02    7 25.0    0.83705    0.00693    0.84714
36N-HN  800.0 3.0e-02   10 25.0    0.86050    0.00693    0.85463
36N-HN  800.0 3.0e-02    8 25.0    0.85198    0.00693    0.85045
36N-HN  800.0 3.0e-02    4 25.0    0.81766    0.00693    0.82684
36N-HN  800.0 3.0e-02    1 25.0    0.75614    0.00693    0.75574
36N-HN  800.0 3.0e-02   27 25.0    0.85702    0.00693    0.86009
37N-HN  800.0 3.0e-02    0 25.0    1.00000    0.02161    0.99973
37N-HN  800.0 3.0e-02   30 25.0    0.86851    0.02009    0.84028
37N-HN  800.0 3.0e-02    1 25.0    0.43784    0.01609    0.44010
37N-HN  800.0 3.0e-02   27 25.0    0.83528    0.01973    0.83831
37N-HN  800.0 3.0e-02    2 25.0    0.47588    0.01636    0.47407
37N-HN  800.0 3.0e-02   24 25.0    0.85080    0.01990    0.83560
37N-HN  800.0 3.0e-02    3 25.0    0.53234    0.01681    0.52181
37N-HN  800.0 3.0e-02   21 25.0    0.84698    0.01985    0.83160
37N-HN  800.0 3.0e-02    4 25.0    0.57210    0.01714    0.58514
37N-HN  800.0 3.0e-02   18 25.0    0.78428    0.01918    0.82557
37N-HN  800.0 3.0e-02    5 25.0    0.61582    0.01753    0.64130
37N-HN  800.0 3.0e-02   15 25.0    0.81150    0.01947    0.81562
37N-HN  800.0 3.0e-02    6 25.0    0.68276    0.01815    0.68537
37N-HN  800.0 3.0e-02   12 25.0    0.79209    0.01926    0.79809
37N-HN  800.0 3.0e-02    7 25.0    0.72811    0.01860    0.71892
37N-HN  800.0 3.0e-02   10 25.0    0.77658    0.01910    0.77783
37N-HN  800.0 3.0e-02    8 25.0    0.74913    0.01881    0.74412
37N-HN  800.0 3.0e-02    4 25.0    0.59064    0.01730    0.58514
37N-HN  800.0 3.0e-02    1 25.0    0.45426    0.01621    0.44010
37N-HN  800.0 3.0e-02   27 25.0    0.83900    0.01977    0.83831
49N-HN  800.0 3.0e-02    0 25.0    1.00000    0.01767    1.00024
49N-HN  800.0 3.0e-02   30 25.0    0.81169    0.01601    0.82014
49N-HN  800.0 3.0e-02    1 25.0    0.54772    0.01421    0.56343
49N-HN  800.0 3.0e-02   27 25.0    0.80632    0.01597    0.81956
49N-HN  800.0 3.0e-02    2 25.0    0.61647    0.01464    0.62381
49N-HN  800.0 3.0e-02   24 25.0    0.82271    0.01609    0.81875
49N-HN  800.0 3.0e-02    3 25.0    0.68313    0.01508    0.67860
49N-HN  800.0 3.0e-02   21 25.0    0.82018    0.01608    0.81757
49N-HN  800.0 3.0e-02    4 25.0    0.72622    0.01538    0.72054
49N-HN  800.0 3.0e-02   18 25.0    0.82810    0.01614    0.81576
49N-HN  800.0 3.0e-02    5 25.0    0.75325    0.01558    0.74906
49N-HN  800.0 3.0e-02   15 25.0    0.80671    0.01597    0.81276
49N-HN  800.0 3.0e-02    6 25.0    0.75930    0.01562    0.76794
49N-HN  800.0 3.0e-02   12 25.0    0.82600    0.01612    0.80737
49N-HN  800.0 3.0e-02    7 25.0    0.78566    0.01582    0.78076
49N-HN  800.0 3.0e-02   10 25.0    0.79382    0.01587    0.80095
49N-HN  800.0 3.0e-02    8 25.0    0.80012    0.01593    0.78973
49N-HN  800.0 3.0e-02    4 25.0    0.72583    0.01539    0.72054
49N-HN  800.0 3.0e-02    1 25.0    0.56354    0.01431    0.56343
49N-HN  800.0 3.0e-02   27 25.0    0.81319    0.01602    0.81956
52N-HN  800.0 3.0e-02    0 25.0    1.00000    0.00732    0.99981
52N-HN  800.0 3.0e-02   30 25.0    0.80893    0.00732    0.80498
52N-HN  800.0 3.0e-02    1 25.0    0.46680    0.00732    0.46857
52N-HN  800.0 3.0e-02   27 25.0    0.79652    0.00732    0.80401
52N-HN  800.0 3.0e-02    2 25.0    0.53093    0.00732    0.52656
52N-HN  800.0 3.0e-02   24 25.0    0.78725    0.00732    0.80265
52N-HN  800.0 3.0e-02    3 25.0    0.59817    0.00732    0.58568
52N-HN  800.0 3.0e-02   21 25.0    0.79200    0.00732    0.80062
52N-HN  800.0 3.0e-02    4 25.0    0.65169    0.00732    0.64220
52N-HN  800.0 3.0e-02   18 25.0    0.79886    0.00732    0.79747
52N-HN  800.0 3.0e-02    5 25.0    0.68222    0.00732    0.68407
52N-HN  800.0 3.0e-02   15 25.0    0.79082    0.00732    0.79218
52N-HN  800.0 3.0e-02    6 25.0    0.71971    0.00732    0.71409
52N-HN  800.0 3.0e-02   12 25.0    0.78339    0.00732    0.78255
52N-HN  800.0 3.0e-02    7 25.0    0.73169    0.00732    0.73563
52N-HN  800.0 3.0e-02   10 25.0    0.77939    0.00732    0.77106
52N-HN  800.0 3.0e-02    8 25.0    0.75000    0.00732    0.75114
52N-HN  800.0 3.0e-02    4 25.0    0.63413    0.00732    0.64220
52N-HN  800.0 3.0e-02    1 25.0    0.49143    0.00732    0.46857
52N-HN  800.0 3.0e-02   27 25.0    0.79828    0.00732    0.80401
53N-HN  800.0 3.0e-02    0 25.0    1.00000    0.00868    1.00042
53N-HN  800.0 3.0e-02   30 25.0    0.78443    0.00868    0.79274
53N-HN  800.0 3.0e-02    1 25.0    0.56900    0.00868    0.57715
53N-HN  800.0 3.0e-02   27 25.0    0.79374    0.00868    0.79252
53N-HN  800.0 3.0e-02    2 25.0    0.63048    0.00868    0.63177
53N-HN  800.0 3.0e-02   24 25.0    0.79298    0.00868    0.79208
53N-HN  800.0 3.0e-02    3 25.0    0.68095    0.00868    0.67846
53N-HN  800.0 3.0e-02   21 25.0    0.79660    0.00868    0.79144
53N-HN  800.0 3.0e-02    4 25.0    0.71172    0.00868    0.71328
53N-HN  800.0 3.0e-02   18 25.0    0.79052    0.00868    0.79026
53N-HN  800.0 3.0e-02    5 25.0    0.72278    0.00868    0.73553
53N-HN  800.0 3.0e-02   15 25.0    0.79978    0.00868    0.78816
53N-HN  800.0 3.0e-02    6 25.0    0.75898    0.00868    0.75068
53N-HN  800.0 3.0e-02   12 25.0    0.77561    0.00868    0.78392
53N-HN  800.0 3.0e-02    7 25.0    0.76970    0.00868    0.76128
53N-HN  800.0 3.0e-02   10 25.0    0.80064    0.00868    0.77857
53N-HN  800.0 3.0e-02    8 25.0    0.75960    0.00868    0.76892
53N-HN  800.0 3.0e-02    4 25.0    0.70301    0.00868    0.71328
53N-HN  800.0 3.0e-02    1 25.0    0.57545    0.00868    0.57715
53N-HN  800.0 3.0e-02   27 25.0    0.79046    0.00868    0.79252
