8N-HN   500.0 3.0e-02    0 25.0    1.00000    0.00434    1.00016
8N-HN   500.0 3.0e-02   30 25.0    0.88344    0.00413    0.87982
8N-HN   500.0 3.0e-02    1 25.0    0.75092    0.00411    0.75290
8N-HN   500.0 3.0e-02   28 25.0    0.87878    0.00412    0.87973
8N-HN   500.0 3.0e-02    2 25.0    0.78608    0.00411    0.79011
8N-HN   500.0 3.0e-02   26 25.0    0.87282    0.00411    0.87960
8N-HN   500.0 3.0e-02    3 25.0    0.81878    0.00411    0.81994
8N-HN   500.0 3.0e-02   24 25.0    0.87715    0.00412    0.87943
8N-HN   500.0 3.0e-02    4 25.0    0.83521    0.00411    0.83918
8N-HN   500.0 3.0e-02   22 25.0    0.88288    0.00413    0.87921
8N-HN   500.0 3.0e-02    5 25.0    0.85356    0.00411    0.85155
8N-HN   500.0 3.0e-02   20 25.0    0.88196    0.00413    0.87891
8N-HN   500.0 3.0e-02    6 25.0    0.86593    0.00411    0.85961
8N-HN   500.0 3.0e-02   18 25.0    0.87872    0.00412    0.87849
8N-HN   500.0 3.0e-02    7 25.0    0.86672    0.00411    0.86498
8N-HN   500.0 3.0e-02   16 25.0    0.87570    0.00412    0.87788
8N-HN   500.0 3.0e-02    8 25.0    0.86900    0.00411    0.86865
8N-HN   500.0 3.0e-02   14 25.0    0.87724    0.00412    0.87696
8N-HN   500.0 3.0e-02    9 25.0    0.87327    0.00412    0.87123
8N-HN   500.0 3.0e-02   13 25.0    0.87108    0.00411    0.87633
8N-HN   500.0 3.0e-02   10 25.0    0.87533    0.00412    0.87309
8N-HN   500.0 3.0e-02   12 25.0    0.87472    0.00412    0.87552
8N-HN   500.0 3.0e-02   11 25.0    0.87678    0.00412    0.87447
8N-HN   500.0 3.0e-02    2 25.0    0.78994    0.00411    0.79011
8N-HN   500.0 3.0e-02   28 25.0    0.87614    0.00412    0.87973
8N-HN   500.0 3.0e-02    8 25.0    0.87353    0.00412    0.86865
9N-HN   500.0 3.0e-02    0 25.0    1.00000    0.00449    1.00000
9N-HN   500.0 3.0e-02   30 25.0    0.88186    0.00429    0.88268
9N-HN   500.0 3.0e-02    1 25.0    0.85566    0.00425    0.86286
9N-HN   500.0 3.0e-02   28 25.0    0.88649    0.00429    0.88266
9N-HN   500.0 3.0e-02    2 25.0    0.86896    0.00427    0.86925
9N-HN   500.0 3.0e-02   26 25.0    0.88030    0.00428    0.88264
9N-HN   500.0 3.0e-02    3 25.0    0.87864    0.00428    0.87407
9N-HN   500.0 3.0e-02   24 25.0    0.88545    0.00429    0.88261
9N-HN   500.0 3.0e-02    4 25.0    0.87820    0.00428    0.87700
9N-HN   500.0 3.0e-02   22 25.0    0.88062    0.00429    0.88257
9N-HN   500.0 3.0e-02    5 25.0    0.88087    0.00429    0.87876
9N-HN   500.0 3.0e-02   20 25.0    0.88314    0.00429    0.88252
9N-HN   500.0 3.0e-02    6 25.0    0.88088    0.00429    0.87986
9N-HN   500.0 3.0e-02   18 25.0    0.88276    0.00429    0.88245
9N-HN   500.0 3.0e-02    7 25.0    0.88257    0.00429    0.88058
9N-HN   500.0 3.0e-02   16 25.0    0.88240    0.00429    0.88235
9N-HN   500.0 3.0e-02    8 25.0    0.87905    0.00428    0.88107
9N-HN   500.0 3.0e-02   14 25.0    0.88288    0.00429    0.88222
9N-HN   500.0 3.0e-02    9 25.0    0.88329    0.00429    0.88141
9N-HN   500.0 3.0e-02   13 25.0    0.87942    0.00428    0.88212
9N-HN   500.0 3.0e-02   10 25.0    0.88386    0.00429    0.88167
9N-HN   500.0 3.0e-02   12 25.0    0.88186    0.00429    0.88201
9N-HN   500.0 3.0e-02   11 25.0    0.88471    0.00429    0.88186
9N-HN   500.0 3.0e-02    2 25.0    0.86794    0.00426    0.86925
9N-HN   500.0 3.0e-02   28 25.0    0.87892    0.00428    0.88266
9N-HN   500.0 3.0e-02    8 25.0    0.87754    0.00428    0.88107
10N-HN  500.0 3.0e-02    0 25.0    1.00000    0.00339    1.00000
10N-HN  500.0 3.0e-02   30 25.0    0.87774    0.00339    0.87728
10N-HN  500.0 3.0e-02    1 25.0    0.81288    0.00339    0.81490
10N-HN  500.0 3.0e-02   28 25.0    0.88001    0.00339    0.87723
10N-HN  500.0 3.0e-02    2 25.0    0.83595    0.00339    0.83431
10N-HN  500.0 3.0e-02   26 25.0    0.87695    0.00339    0.87717
10N-HN  500.0 3.0e-02    3 25.0    0.84767    0.00339    0.84956
10N-HN  500.0 3.0e-02   24 25.0    0.87297    0.00339    0.87709
10N-HN  500.0 3.0e-02    4 25.0    0.85931    0.00339    0.85918
10N-HN  500.0 3.0e-02   22 25.0    0.88170    0.00339    0.87699
10N-HN  500.0 3.0e-02    5 25.0    0.86547    0.00339    0.86499
10N-HN  500.0 3.0e-02   20 25.0    0.87293    0.00339    0.87685
10N-HN  500.0 3.0e-02    6 25.0    0.87212    0.00339    0.86856
10N-HN  500.0 3.0e-02   18 25.0    0.87825    0.00339    0.87666
10N-HN  500.0 3.0e-02    7 25.0    0.87100    0.00339    0.87087
10N-HN  500.0 3.0e-02   16 25.0    0.87706    0.00339    0.87639
10N-HN  500.0 3.0e-02    8 25.0    0.86828    0.00339    0.87243
10N-HN  500.0 3.0e-02   14 25.0    0.87459    0.00339    0.87599
10N-HN  500.0 3.0e-02    9 25.0    0.87682    0.00339    0.87353
10N-HN  500.0 3.0e-02   13 25.0    0.87783    0.00339    0.87571
10N-HN  500.0 3.0e-02   10 25.0    0.87270    0.00339    0.87432
10N-HN  500.0 3.0e-02   12 25.0    0.87582    0.00339    0.87536
10N-HN  500.0 3.0e-02   11 25.0    0.87384    0.00339    0.87491
10N-HN  500.0 3.0e-02    2 25.0    0.83762    0.00339    0.83431
10N-HN  500.0 3.0e-02   28 25.0    0.87358    0.00339    0.87723
10N-HN  500.0 3.0e-02    8 25.0    0.87125    0.00339    0.87243
11N-HN  500.0 3.0e-02    0 25.0    1.00000    0.00316    0.99998
11N-HN  500.0 3.0e-02   30 25.0    0.87882    0.00316    0.88165
11N-HN  500.0 3.0e-02    1 25.0    0.85638    0.00316    0.85635
11N-HN  500.0 3.0e-02   28 25.0    0.88219    0.00316    0.88171
11N-HN  500.0 3.0e-02    2 25.0    0.86283    0.00316    0.86436
11N-HN  500.0 3.0e-02   26 25.0    0.87738    0.00316    0.88177
11N-HN  500.0 3.0e-02    3 25.0    0.87051    0.00316    0.86996
11N-HN  500.0 3.0e-02   24 25.0    0.88222    0.00316    0.88183
11N-HN  500.0 3.0e-02    4 25.0    0.87481    0.00316    0.87368
11N-HN  500.0 3.0e-02   22 25.0    0.87922    0.00316    0.88188
11N-HN  500.0 3.0e-02    5 25.0    0.87640    0.00316    0.87571
11N-HN  500.0 3.0e-02   20 25.0    0.88293    0.00316    0.88190
11N-HN  500.0 3.0e-02    6 25.0    0.88042    0.00316    0.87705
11N-HN  500.0 3.0e-02   18 25.0    0.88093    0.00316    0.88189
11N-HN  500.0 3.0e-02    7 25.0    0.88004    0.00316    0.87795
11N-HN  500.0 3.0e-02   16 25.0    0.88717    0.00316    0.88182
11N-HN  500.0 3.0e-02    8 25.0    0.87845    0.00316    0.87896
11N-HN  500.0 3.0e-02   14 25.0    0.88169    0.00316    0.88161
11N-HN  500.0 3.0e-02    9 25.0    0.88032    0.00316    0.87970
11N-HN  500.0 3.0e-02   13 25.0    0.88093    0.00316    0.88145
11N-HN  500.0 3.0e-02   10 25.0    0.88579    0.00316    0.88036
11N-HN  500.0 3.0e-02   12 25.0    0.88066    0.00316    0.88118
11N-HN  500.0 3.0e-02   11 25.0    0.87832    0.00316    0.88083
11N-HN  500.0 3.0e-02    2 25.0    0.86091    0.00316    0.86436
11N-HN  500.0 3.0e-02   28 25.0    0.88238    0.00316    0.88171
11N-HN  500.0 3.0e-02    8 25.0    0.87687    0.00316    0.87896
12N-HN  500.0 3.0e-02    0 25.0    1.00000    0.00342    0.99996
12N-HN  500.0 3.0e-02   30 25.0    0.88076    0.00321    0.88222
12N-HN  500.0 3.0e-02    1 25.0    0.86742    0.00315    0.86532
12N-HN  500.0 3.0e-02   28 25.0    0.88168    0.00321    0.88225
12N-HN  500.0 3.0e-02    2 25.0    0.86858    0.00315    0.87060
12N-HN  500.0 3.0e-02   26 25.0    0.88242    0.00321    0.88229
12N-HN  500.0 3.0e-02    3 25.0    0.87997    0.00317    0.87468
12N-HN  500.0 3.0e-02   24 25.0    0.88339    0.00321    0.88234
12N-HN  500.0 3.0e-02    4 25.0    0.87459    0.00316    0.87688
12N-HN  500.0 3.0e-02   22 25.0    0.87916    0.00321    0.88238
12N-HN  500.0 3.0e-02    5 25.0    0.87961    0.00317    0.87843
12N-HN  500.0 3.0e-02   20 25.0    0.88161    0.00320    0.88242
12N-HN  500.0 3.0e-02    6 25.0    0.88323    0.00317    0.87972
12N-HN  500.0 3.0e-02   18 25.0    0.88180    0.00320    0.88245
12N-HN  500.0 3.0e-02    7 25.0    0.87955    0.00317    0.88064
12N-HN  500.0 3.0e-02   16 25.0    0.87781    0.00319    0.88246
12N-HN  500.0 3.0e-02    8 25.0    0.88603    0.00318    0.88128
12N-HN  500.0 3.0e-02   14 25.0    0.88667    0.00320    0.88243
12N-HN  500.0 3.0e-02    9 25.0    0.87962    0.00318    0.88172
12N-HN  500.0 3.0e-02   13 25.0    0.88299    0.00320    0.88239
12N-HN  500.0 3.0e-02   10 25.0    0.88167    0.00318    0.88200
12N-HN  500.0 3.0e-02   12 25.0    0.88176    0.00319    0.88231
12N-HN  500.0 3.0e-02   11 25.0    0.88108    0.00318    0.88219
12N-HN  500.0 3.0e-02    2 25.0    0.86826    0.00315    0.87060
12N-HN  500.0 3.0e-02   28 25.0    0.88283    0.00321    0.88225
12N-HN  500.0 3.0e-02    8 25.0    0.88099    0.00317    0.88128
13N-HN  500.0 3.0e-02    0 25.0    1.00000    0.00403    0.99977
13N-HN  500.0 3.0e-02   30 25.0    0.88071    0.00403    0.88045
13N-HN  500.0 3.0e-02    1 25.0    0.86131    0.00403    0.86089
13N-HN  500.0 3.0e-02   28 25.0    0.87937    0.00403    0.88052
13N-HN  500.0 3.0e-02    2 25.0    0.86197    0.00403    0.86705
13N-HN  500.0 3.0e-02   26 25.0    0.87658    0.00403    0.88059
13N-HN  500.0 3.0e-02    3 25.0    0.86875    0.00403    0.87128
13N-HN  500.0 3.0e-02   24 25.0    0.88071    0.00403    0.88066
13N-HN  500.0 3.0e-02    4 25.0    0.87913    0.00403    0.87417
13N-HN  500.0 3.0e-02   22 25.0    0.87473    0.00403    0.88072
13N-HN  500.0 3.0e-02    5 25.0    0.87733    0.00403    0.87564
13N-HN  500.0 3.0e-02   20 25.0    0.87774    0.00403    0.88077
13N-HN  500.0 3.0e-02    6 25.0    0.87595    0.00403    0.87665
13N-HN  500.0 3.0e-02   18 25.0    0.88165    0.00403    0.88078
13N-HN  500.0 3.0e-02    7 25.0    0.88102    0.00403    0.87737
13N-HN  500.0 3.0e-02   16 25.0    0.88022    0.00403    0.88074
13N-HN  500.0 3.0e-02    8 25.0    0.88330    0.00403    0.87825
13N-HN  500.0 3.0e-02   14 25.0    0.88624    0.00403    0.88058
13N-HN  500.0 3.0e-02    9 25.0    0.88197    0.00403    0.87890
13N-HN  500.0 3.0e-02   13 25.0    0.87631    0.00403    0.88045
13N-HN  500.0 3.0e-02   10 25.0    0.88020    0.00403    0.87948
13N-HN  500.0 3.0e-02   12 25.0    0.87875    0.00403    0.88021
13N-HN  500.0 3.0e-02   11 25.0    0.88300    0.00403    0.87990
13N-HN  500.0 3.0e-02    2 25.0    0.87166    0.00403    0.86705
13N-HN  500.0 3.0e-02   28 25.0    0.87452    0.00403    0.88052
13N-HN  500.0 3.0e-02    8 25.0    0.87850    0.00403    0.87825
14N-HN  500.0 3.0e-02    0 25.0    1.00000    0.00332    1.00000
14N-HN  500.0 3.0e-02   30 25.0    0.89976    0.00332    0.90216
14N-HN  500.0 3.0e-02    1 25.0    0.71086    0.00332    0.71242
14N-HN  500.0 3.0e-02   28 25.0    0.90348    0.00332    0.90196
14N-HN  500.0 3.0e-02    2 25.0    0.75887    0.00332    0.76416
14N-HN  500.0 3.0e-02   26 25.0    0.90106    0.00332    0.90170
14N-HN  500.0 3.0e-02    3 25.0    0.80925    0.00332    0.80770
14N-HN  500.0 3.0e-02   24 25.0    0.89903    0.00332    0.90137
14N-HN  500.0 3.0e-02    4 25.0    0.84096    0.00332    0.83727
14N-HN  500.0 3.0e-02   22 25.0    0.89819    0.00332    0.90095
14N-HN  500.0 3.0e-02    5 25.0    0.86328    0.00332    0.85658
14N-HN  500.0 3.0e-02   20 25.0    0.90056    0.00332    0.90039
14N-HN  500.0 3.0e-02    6 25.0    0.87317    0.00332    0.86914
14N-HN  500.0 3.0e-02   18 25.0    0.90170    0.00332    0.89962
14N-HN  500.0 3.0e-02    7 25.0    0.87996    0.00332    0.87757
14N-HN  500.0 3.0e-02   16 25.0    0.89801    0.00332    0.89854
14N-HN  500.0 3.0e-02    8 25.0    0.88182    0.00332    0.88337
14N-HN  500.0 3.0e-02   14 25.0    0.89280    0.00332    0.89696
14N-HN  500.0 3.0e-02    9 25.0    0.88286    0.00332    0.88749
14N-HN  500.0 3.0e-02   13 25.0    0.89947    0.00332    0.89587
14N-HN  500.0 3.0e-02   10 25.0    0.89415    0.00332    0.89052
14N-HN  500.0 3.0e-02   12 25.0    0.89186    0.00332    0.89452
14N-HN  500.0 3.0e-02   11 25.0    0.89687    0.00332    0.89277
14N-HN  500.0 3.0e-02    2 25.0    0.76629    0.00332    0.76416
14N-HN  500.0 3.0e-02   28 25.0    0.89644    0.00332    0.90196
14N-HN  500.0 3.0e-02    8 25.0    0.88190    0.00332    0.88337
15N-HN  500.0 3.0e-02    0 25.0    1.00000    0.00808    0.99996
15N-HN  500.0 3.0e-02   30 25.0    0.88149    0.00757    0.88134
15N-HN  500.0 3.0e-02    1 25.0    0.52220    0.00630    0.51582
15N-HN  500.0 3.0e-02   28 25.0    0.88499    0.00759    0.88059
15N-HN  500.0 3.0e-02    2 25.0    0.58248    0.00648    0.57897
15N-HN  500.0 3.0e-02   26 25.0    0.87945    0.00757    0.87966
15N-HN  500.0 3.0e-02    3 25.0    0.64270    0.00668    0.64453
15N-HN  500.0 3.0e-02   24 25.0    0.87991    0.00757    0.87849
15N-HN  500.0 3.0e-02    4 25.0    0.70242    0.00689    0.70541
15N-HN  500.0 3.0e-02   22 25.0    0.88452    0.00759    0.87700
15N-HN  500.0 3.0e-02    5 25.0    0.74533    0.00704    0.75128
15N-HN  500.0 3.0e-02   20 25.0    0.88189    0.00758    0.87505
15N-HN  500.0 3.0e-02    6 25.0    0.77987    0.00717    0.78351
15N-HN  500.0 3.0e-02   18 25.0    0.86724    0.00752    0.87244
15N-HN  500.0 3.0e-02    7 25.0    0.81114    0.00729    0.80627
15N-HN  500.0 3.0e-02   16 25.0    0.87165    0.00753    0.86883
15N-HN  500.0 3.0e-02    8 25.0    0.81843    0.00732    0.82261
15N-HN  500.0 3.0e-02   14 25.0    0.85728    0.00748    0.86367
15N-HN  500.0 3.0e-02    9 25.0    0.81985    0.00733    0.83460
15N-HN  500.0 3.0e-02   13 25.0    0.85927    0.00748    0.86020
15N-HN  500.0 3.0e-02   10 25.0    0.85558    0.00747    0.84362
15N-HN  500.0 3.0e-02   12 25.0    0.85078    0.00745    0.85592
15N-HN  500.0 3.0e-02   11 25.0    0.84291    0.00742    0.85052
15N-HN  500.0 3.0e-02    2 25.0    0.58917    0.00650    0.57897
15N-HN  500.0 3.0e-02   28 25.0    0.88016    0.00757    0.88059
15N-HN  500.0 3.0e-02    8 25.0    0.82460    0.00735    0.82261
16N-HN  500.0 3.0e-02    0 25.0    1.00000    0.00476    1.00008
16N-HN  500.0 3.0e-02   30 25.0    0.88022    0.00476    0.88173
16N-HN  500.0 3.0e-02    1 25.0    0.77716    0.00476    0.79098
16N-HN  500.0 3.0e-02   28 25.0    0.88325    0.00476    0.88167
16N-HN  500.0 3.0e-02    2 25.0    0.81237    0.00476    0.81845
16N-HN  500.0 3.0e-02   26 25.0    0.88671    0.00476    0.88159
16N-HN  500.0 3.0e-02    3 25.0    0.84462    0.00476    0.84002
16N-HN  500.0 3.0e-02   24 25.0    0.87049    0.00476    0.88149
16N-HN  500.0 3.0e-02    4 25.0    0.85354    0.00476    0.85371
16N-HN  500.0 3.0e-02   22 25.0    0.88744    0.00476    0.88135
16N-HN  500.0 3.0e-02    5 25.0    0.86184    0.00476    0.86247
16N-HN  500.0 3.0e-02   20 25.0    0.87671    0.00476    0.88116
16N-HN  500.0 3.0e-02    6 25.0    0.87508    0.00476    0.86810
16N-HN  500.0 3.0e-02   18 25.0    0.88747    0.00476    0.88089
16N-HN  500.0 3.0e-02    7 25.0    0.87644    0.00476    0.87181
16N-HN  500.0 3.0e-02   16 25.0    0.87610    0.00476    0.88050
16N-HN  500.0 3.0e-02    8 25.0    0.87649    0.00476    0.87432
16N-HN  500.0 3.0e-02   14 25.0    0.88233    0.00476    0.87990
16N-HN  500.0 3.0e-02    9 25.0    0.87590    0.00476    0.87607
16N-HN  500.0 3.0e-02   13 25.0    0.87039    0.00476    0.87948
16N-HN  500.0 3.0e-02   10 25.0    0.88108    0.00476    0.87733
16N-HN  500.0 3.0e-02   12 25.0    0.87614    0.00476    0.87895
16N-HN  500.0 3.0e-02   11 25.0    0.87685    0.00476    0.87825
16N-HN  500.0 3.0e-02    2 25.0    0.82904    0.00476    0.81845
16N-HN  500.0 3.0e-02   28 25.0    0.88012    0.00476    0.88167
16N-HN  500.0 3.0e-02    8 25.0    0.87627    0.00476    0.87432
17N-HN  500.0 3.0e-02    0 25.0    1.00000    0.00344    0.99999
17N-HN  500.0 3.0e-02   30 25.0    0.87450    0.00344    0.87418
17N-HN  500.0 3.0e-02    1 25.0    0.70488    0.00344    0.71339
17N-HN  500.0 3.0e-02   28 25.0    0.87515    0.00344    0.87399
17N-HN  500.0 3.0e-02    2 25.0    0.75563    0.00344    0.75873
17N-HN  500.0 3.0e-02   26 25.0    0.87485    0.00344    0.87375
17N-HN  500.0 3.0e-02    3 25.0    0.79783    0.00344    0.79598
17N-HN  500.0 3.0e-02   24 25.0    0.87307    0.00344    0.87345
17N-HN  500.0 3.0e-02    4 25.0    0.82332    0.00344    0.82094
17N-HN  500.0 3.0e-02   22 25.0    0.87203    0.00344    0.87307
17N-HN  500.0 3.0e-02    5 25.0    0.83569    0.00344    0.83682
17N-HN  500.0 3.0e-02   20 25.0    0.87250    0.00344    0.87256
17N-HN  500.0 3.0e-02    6 25.0    0.84428    0.00344    0.84696
17N-HN  500.0 3.0e-02   18 25.0    0.87772    0.00344    0.87189
17N-HN  500.0 3.0e-02    7 25.0    0.85942    0.00344    0.85374
17N-HN  500.0 3.0e-02   16 25.0    0.87430    0.00344    0.87095
17N-HN  500.0 3.0e-02    8 25.0    0.86072    0.00344    0.85841
17N-HN  500.0 3.0e-02   14 25.0    0.86656    0.00344    0.86959
17N-HN  500.0 3.0e-02    9 25.0    0.85927    0.00344    0.86176
17N-HN  500.0 3.0e-02   13 25.0    0.86879    0.00344    0.86868
17N-HN  500.0 3.0e-02   10 25.0    0.86537    0.00344    0.86423
17N-HN  500.0 3.0e-02   12 25.0    0.86721    0.00344    0.86754
17N-HN  500.0 3.0e-02   11 25.0    0.87011    0.00344    0.86610
17N-HN  500.0 3.0e-02    2 25.0    0.75287    0.00344    0.75873
17N-HN  500.0 3.0e-02   28 25.0    0.87245    0.00344    0.87399
17N-HN  500.0 3.0e-02    8 25.0    0.85691    0.00344    0.85841
18N-HN  500.0 3.0e-02    0 25.0    1.00000    0.00484    0.99990
18N-HN  500.0 3.0e-02   30 25.0    0.87847    0.00484    0.87705
18N-HN  500.0 3.0e-02    1 25.0    0.83622    0.00484    0.83473
18N-HN  500.0 3.0e-02   28 25.0    0.87576    0.00484    0.87705
18N-HN  500.0 3.0e-02    2 25.0    0.84149    0.00484    0.84809
18N-HN  500.0 3.0e-02   26 25.0    0.87788    0.00484    0.87704
18N-HN  500.0 3.0e-02    3 25.0    0.86438    0.00484    0.85816
18N-HN  500.0 3.0e-02   24 25.0    0.87650    0.00484    0.87703
18N-HN  500.0 3.0e-02    4 25.0    0.86910    0.00484    0.86446
18N-HN  500.0 3.0e-02   22 25.0    0.87837    0.00484    0.87700
18N-HN  500.0 3.0e-02    5 25.0    0.87202    0.00484    0.86860
18N-HN  500.0 3.0e-02   20 25.0    0.87622    0.00484    0.87695
18N-HN  500.0 3.0e-02    6 25.0    0.87639    0.00484    0.87128
18N-HN  500.0 3.0e-02   18 25.0    0.87665    0.00484    0.87688
18N-HN  500.0 3.0e-02    7 25.0    0.86852    0.00484    0.87302
18N-HN  500.0 3.0e-02   16 25.0    0.87461    0.00484    0.87675
18N-HN  500.0 3.0e-02    8 25.0    0.87269    0.00484    0.87418
18N-HN  500.0 3.0e-02   14 25.0    0.87434    0.00484    0.87654
18N-HN  500.0 3.0e-02    9 25.0    0.87800    0.00484    0.87496
18N-HN  500.0 3.0e-02   13 25.0    0.87487    0.00484    0.87639
18N-HN  500.0 3.0e-02   10 25.0    0.87240    0.00484    0.87551
18N-HN  500.0 3.0e-02   12 25.0    0.87751    0.00484    0.87618
18N-HN  500.0 3.0e-02   11 25.0    0.87576    0.00484    0.87590
18N-HN  500.0 3.0e-02    2 25.0    0.84680    0.00484    0.84809
18N-HN  500.0 3.0e-02   28 25.0    0.87622    0.00484    0.87705
18N-HN  500.0 3.0e-02    8 25.0    0.87184    0.00484    0.87418
30N-HN  500.0 3.0e-02    0 25.0    1.00000    0.00543    0.99986
30N-HN  500.0 3.0e-02   30 25.0    0.87103    0.00518    0.87284
30N-HN  500.0 3.0e-02    1 25.0    0.83343    0.00511    0.83588
30N-HN  500.0 3.0e-02   28 25.0    0.87462    0.00518    0.87288
30N-HN  500.0 3.0e-02    2 25.0    0.84744    0.00513    0.84705
30N-HN  500.0 3.0e-02   26 25.0    0.87288    0.00518    0.87293
30N-HN  500.0 3.0e-02    3 25.0    0.85451    0.00515    0.85591
30N-HN  500.0 3.0e-02   24 25.0    0.87061    0.00518    0.87297
30N-HN  500.0 3.0e-02    4 25.0    0.86725    0.00517    0.86144
30N-HN  500.0 3.0e-02   22 25.0    0.87140    0.00518    0.87300
30N-HN  500.0 3.0e-02    5 25.0    0.86727    0.00517    0.86443
30N-HN  500.0 3.0e-02   20 25.0    0.86910    0.00517    0.87301
30N-HN  500.0 3.0e-02    6 25.0    0.86673    0.00517    0.86663
30N-HN  500.0 3.0e-02   18 25.0    0.87606    0.00519    0.87298
30N-HN  500.0 3.0e-02    7 25.0    0.86767    0.00517    0.86826
30N-HN  500.0 3.0e-02   16 25.0    0.87527    0.00519    0.87288
30N-HN  500.0 3.0e-02    8 25.0    0.87250    0.00518    0.86960
30N-HN  500.0 3.0e-02   14 25.0    0.86849    0.00517    0.87266
30N-HN  500.0 3.0e-02    9 25.0    0.87155    0.00518    0.87058
30N-HN  500.0 3.0e-02   13 25.0    0.87520    0.00519    0.87249
30N-HN  500.0 3.0e-02   10 25.0    0.86618    0.00517    0.87131
30N-HN  500.0 3.0e-02   12 25.0    0.87070    0.00518    0.87221
30N-HN  500.0 3.0e-02   11 25.0    0.87098    0.00518    0.87184
30N-HN  500.0 3.0e-02    2 25.0    0.84834    0.00514    0.84705
30N-HN  500.0 3.0e-02   28 25.0    0.87523    0.00519    0.87288
30N-HN  500.0 3.0e-02    8 25.0    0.86880    0.00517    0.86960
31N-HN  500.0 3.0e-02    0 25.0    1.00000    0.00477    0.99987
31N-HN  500.0 3.0e-02   30 25.0    0.84827    0.00439    0.83626
31N-HN  500.0 3.0e-02    1 25.0    0.48808    0.00432    0.49100
31N-HN  500.0 3.0e-02   28 25.0    0.84952    0.00440    0.83569
31N-HN  500.0 3.0e-02    2 25.0    0.55544    0.00432    0.55105
31N-HN  500.0 3.0e-02   26 25.0    0.84164    0.00438    0.83497
31N-HN  500.0 3.0e-02    3 25.0    0.60835    0.00432    0.61199
31N-HN  500.0 3.0e-02   24 25.0    0.84448    0.00439    0.83403
31N-HN  500.0 3.0e-02    4 25.0    0.68076    0.00432    0.66887
31N-HN  500.0 3.0e-02   22 25.0    0.84129    0.00438    0.83278
31N-HN  500.0 3.0e-02    5 25.0    0.71223    0.00432    0.71273
31N-HN  500.0 3.0e-02   20 25.0    0.82056    0.00433    0.83108
31N-HN  500.0 3.0e-02    6 25.0    0.74983    0.00432    0.74277
31N-HN  500.0 3.0e-02   18 25.0    0.82302    0.00433    0.82872
31N-HN  500.0 3.0e-02    7 25.0    0.76114    0.00432    0.76349
31N-HN  500.0 3.0e-02   16 25.0    0.81820    0.00432    0.82534
31N-HN  500.0 3.0e-02    8 25.0    0.76647    0.00432    0.77921
31N-HN  500.0 3.0e-02   14 25.0    0.81792    0.00432    0.82033
31N-HN  500.0 3.0e-02    9 25.0    0.79057    0.00432    0.79102
31N-HN  500.0 3.0e-02   13 25.0    0.81081    0.00432    0.81691
31N-HN  500.0 3.0e-02   10 25.0    0.79823    0.00432    0.80011
31N-HN  500.0 3.0e-02   12 25.0    0.80256    0.00432    0.81259
31N-HN  500.0 3.0e-02   11 25.0    0.79732    0.00432    0.80712
31N-HN  500.0 3.0e-02    2 25.0    0.55622    0.00432    0.55105
31N-HN  500.0 3.0e-02   28 25.0    0.84341    0.00438    0.83569
31N-HN  500.0 3.0e-02    8 25.0    0.77084    0.00432    0.77921
32N-HN  500.0 3.0e-02    0 25.0    1.00000    0.01102    0.99995
32N-HN  500.0 3.0e-02   30 25.0    0.79880    0.00968    0.79108
32N-HN  500.0 3.0e-02    1 25.0    0.38521    0.00751    0.38220
32N-HN  500.0 3.0e-02   28 25.0    0.78042    0.00957    0.78297
32N-HN  500.0 3.0e-02    2 25.0    0.38378    0.00751    0.39121
32N-HN  500.0 3.0e-02   26 25.0    0.77770    0.00955    0.77309
32N-HN  500.0 3.0e-02    3 25.0    0.39299    0.00755    0.38179
32N-HN  500.0 3.0e-02   24 25.0    0.75765    0.00943    0.76092
32N-HN  500.0 3.0e-02    4 25.0    0.37494    0.00747    0.38822
32N-HN  500.0 3.0e-02   22 25.0    0.75676    0.00942    0.74575
32N-HN  500.0 3.0e-02    5 25.0    0.38743    0.00752    0.38929
32N-HN  500.0 3.0e-02   20 25.0    0.72121    0.00921    0.72664
32N-HN  500.0 3.0e-02    6 25.0    0.40120    0.00758    0.39963
32N-HN  500.0 3.0e-02   18 25.0    0.69303    0.00904    0.70231
32N-HN  500.0 3.0e-02    7 25.0    0.42276    0.00767    0.42228
32N-HN  500.0 3.0e-02   16 25.0    0.66548    0.00889    0.67111
32N-HN  500.0 3.0e-02    8 25.0    0.45528    0.00781    0.45360
32N-HN  500.0 3.0e-02   14 25.0    0.63462    0.00871    0.63112
32N-HN  500.0 3.0e-02    9 25.0    0.49334    0.00799    0.48671
32N-HN  500.0 3.0e-02   13 25.0    0.61643    0.00861    0.60719
32N-HN  500.0 3.0e-02   10 25.0    0.51356    0.00808    0.51983
32N-HN  500.0 3.0e-02   12 25.0    0.57774    0.00841    0.58066
32N-HN  500.0 3.0e-02   11 25.0    0.54382    0.00823    0.55144
32N-HN  500.0 3.0e-02    2 25.0    0.39775    0.00756    0.39121
32N-HN  500.0 3.0e-02   28 25.0    0.78616    0.00960    0.78297
32N-HN  500.0 3.0e-02    8 25.0    0.44957    0.00779    0.45360
33N-HN  500.0 3.0e-02    0 25.0    1.00000    0.00955    0.99999
33N-HN  500.0 3.0e-02   30 25.0    0.88999    0.00891    0.88087
33N-HN  500.0 3.0e-02    1 25.0    0.53920    0.00725    0.54332
33N-HN  500.0 3.0e-02   28 25.0    0.88345    0.00887    0.88025
33N-HN  500.0 3.0e-02    2 25.0    0.61944    0.00759    0.60963
33N-HN  500.0 3.0e-02   26 25.0    0.87736    0.00884    0.87948
33N-HN  500.0 3.0e-02    3 25.0    0.68355    0.00788    0.67485
33N-HN  500.0 3.0e-02   24 25.0    0.88631    0.00889    0.87852
33N-HN  500.0 3.0e-02    4 25.0    0.72816    0.00809    0.73071
33N-HN  500.0 3.0e-02   22 25.0    0.89250    0.00892    0.87728
33N-HN  500.0 3.0e-02    5 25.0    0.75751    0.00823    0.77114
33N-HN  500.0 3.0e-02   20 25.0    0.87503    0.00883    0.87567
33N-HN  500.0 3.0e-02    6 25.0    0.79715    0.00843    0.79888
33N-HN  500.0 3.0e-02   18 25.0    0.87782    0.00884    0.87352
33N-HN  500.0 3.0e-02    7 25.0    0.81722    0.00853    0.81826
33N-HN  500.0 3.0e-02   16 25.0    0.86822    0.00879    0.87054
33N-HN  500.0 3.0e-02    8 25.0    0.84462    0.00867    0.83201
33N-HN  500.0 3.0e-02   14 25.0    0.86287    0.00877    0.86626
33N-HN  500.0 3.0e-02    9 25.0    0.84361    0.00866    0.84208
33N-HN  500.0 3.0e-02   13 25.0    0.85664    0.00873    0.86340
33N-HN  500.0 3.0e-02   10 25.0    0.84500    0.00867    0.84960
33N-HN  500.0 3.0e-02   12 25.0    0.84678    0.00868    0.85983
33N-HN  500.0 3.0e-02   11 25.0    0.85088    0.00870    0.85535
33N-HN  500.0 3.0e-02    2 25.0    0.61093    0.00756    0.60963
33N-HN  500.0 3.0e-02   28 25.0    0.87568    0.00883    0.88025
33N-HN  500.0 3.0e-02    8 25.0    0.82524    0.00857    0.83201
34N-HN  500.0 3.0e-02    0 25.0    1.00000    0.00452    0.99989
34N-HN  500.0 3.0e-02   30 25.0    0.87057    0.00452    0.86462
34N-HN  500.0 3.0e-02    1 25.0    0.43263    0.00452    0.43256
34N-HN  500.0 3.0e-02   28 25.0    0.86037    0.00452    0.86220
34N-HN  500.0 3.0e-02    2 25.0    0.42984    0.00452    0.43516
34N-HN  500.0 3.0e-02   26 25.0    0.86901    0.00452    0.85923
34N-HN  500.0 3.0e-02    3 25.0    0.46210    0.00452    0.45847
34N-HN  500.0 3.0e-02   24 25.0    0.85358    0.00452    0.85550
34N-HN  500.0 3.0e-02    4 25.0    0.51285    0.00452    0.50243
34N-HN  500.0 3.0e-02   22 25.0    0.85105    0.00452    0.85077
34N-HN  500.0 3.0e-02    5 25.0    0.56626    0.00452    0.55998
34N-HN  500.0 3.0e-02   20 25.0    0.84605    0.00452    0.84462
34N-HN  500.0 3.0e-02    6 25.0    0.61812    0.00452    0.61434
34N-HN  500.0 3.0e-02   18 25.0    0.83856    0.00452    0.83645
34N-HN  500.0 3.0e-02    7 25.0    0.66431    0.00452    0.66073
34N-HN  500.0 3.0e-02   16 25.0    0.82347    0.00452    0.82531
34N-HN  500.0 3.0e-02    8 25.0    0.69547    0.00452    0.69828
34N-HN  500.0 3.0e-02   14 25.0    0.81507    0.00452    0.80964
34N-HN  500.0 3.0e-02    9 25.0    0.72121    0.00452    0.72825
34N-HN  500.0 3.0e-02   13 25.0    0.79494    0.00452    0.79923
34N-HN  500.0 3.0e-02   10 25.0    0.74959    0.00452    0.75225
34N-HN  500.0 3.0e-02   12 25.0    0.78286    0.00452    0.78680
34N-HN  500.0 3.0e-02   11 25.0    0.76445    0.00452    0.77127
34N-HN  500.0 3.0e-02    2 25.0    0.42811    0.00452    0.43516
34N-HN  500.0 3.0e-02   28 25.0    0.86102    0.00452    0.86220
34N-HN  500.0 3.0e-02    8 25.0    0.69199    0.00452    0.69828
35N-HN  500.0 3.0e-02    0 25.0    1.00000    0.00465    1.00000
35N-HN  500.0 3.0e-02   30 25.0    0.88539    0.00441    0.88319
35N-HN  500.0 3.0e-02    1 25.0    0.73944    0.00414    0.75036
35N-HN  500.0 3.0e-02   28 25.0    0.88180    0.00441    0.88304
35N-HN  500.0 3.0e-02    2 25.0    0.78735    0.00423    0.78933
35N-HN  500.0 3.0e-02   26 25.0    0.88009    0.00440    0.88286
35N-HN  500.0 3.0e-02    3 25.0    0.81763    0.00428    0.82052
35N-HN  500.0 3.0e-02   24 25.0    0.88213    0.00441    0.88262
35N-HN  500.0 3.0e-02    4 25.0    0.84075    0.00433    0.84088
35N-HN  500.0 3.0e-02   22 25.0    0.88633    0.00442    0.88232
35N-HN  500.0 3.0e-02    5 25.0    0.85442    0.00435    0.85365
35N-HN  500.0 3.0e-02   20 25.0    0.88563    0.00441    0.88193
35N-HN  500.0 3.0e-02    6 25.0    0.86160    0.00437    0.86174
35N-HN  500.0 3.0e-02   18 25.0    0.88256    0.00441    0.88141
35N-HN  500.0 3.0e-02    7 25.0    0.86263    0.00437    0.86712
35N-HN  500.0 3.0e-02   16 25.0    0.88344    0.00441    0.88067
35N-HN  500.0 3.0e-02    8 25.0    0.86843    0.00438    0.87082
35N-HN  500.0 3.0e-02   14 25.0    0.88387    0.00441    0.87961
35N-HN  500.0 3.0e-02    9 25.0    0.86958    0.00438    0.87346
35N-HN  500.0 3.0e-02   13 25.0    0.88350    0.00441    0.87890
35N-HN  500.0 3.0e-02   10 25.0    0.87558    0.00439    0.87540
35N-HN  500.0 3.0e-02   12 25.0    0.87474    0.00439    0.87801
35N-HN  500.0 3.0e-02   11 25.0    0.88120    0.00441    0.87687
35N-HN  500.0 3.0e-02    2 25.0    0.79413    0.00424    0.78933
35N-HN  500.0 3.0e-02   28 25.0    0.88230    0.00441    0.88304
35N-HN  500.0 3.0e-02    8 25.0    0.87319    0.00439    0.87082
36N-HN  500.0 3.0e-02    0 25.0    1.00000    0.01165    1.00010
36N-HN  500.0 3.0e-02   30 25.0    0.88027    0.01124    0.88364
36N-HN  500.0 3.0e-02    1 25.0    0.83002    0.01108    0.83793
36N-HN  500.0 3.0e-02   28 25.0    0.87764    0.01123    0.88364
36N-HN  500.0 3.0e-02    2 25.0    0.85535    0.01116    0.85236
36N-HN  500.0 3.0e-02   26 25.0    0.87697    0.01123    0.88363
36N-HN  500.0 3.0e-02    3 25.0    0.86339    0.01118    0.86325
36N-HN  500.0 3.0e-02   24 25.0    0.88188    0.01124    0.88361
36N-HN  500.0 3.0e-02    4 25.0    0.87161    0.01121    0.86998
36N-HN  500.0 3.0e-02   22 25.0    0.88636    0.01126    0.88358
36N-HN  500.0 3.0e-02    5 25.0    0.87530    0.01122    0.87439
36N-HN  500.0 3.0e-02   20 25.0    0.88784    0.01126    0.88352
36N-HN  500.0 3.0e-02    6 25.0    0.87203    0.01121    0.87728
36N-HN  500.0 3.0e-02   18 25.0    0.88393    0.01125    0.88344
36N-HN  500.0 3.0e-02    7 25.0    0.88892    0.01127    0.87919
36N-HN  500.0 3.0e-02   16 25.0    0.88226    0.01125    0.88330
36N-HN  500.0 3.0e-02    8 25.0    0.89510    0.01129    0.88045
36N-HN  500.0 3.0e-02   14 25.0    0.88865    0.01127    0.88307
36N-HN  500.0 3.0e-02    9 25.0    0.88268    0.01125    0.88131
36N-HN  500.0 3.0e-02   13 25.0    0.88265    0.01125    0.88289
36N-HN  500.0 3.0e-02   10 25.0    0.87848    0.01123    0.88192
36N-HN  500.0 3.0e-02   12 25.0    0.87720    0.01123    0.88266
36N-HN  500.0 3.0e-02   11 25.0    0.88045    0.01124    0.88235
36N-HN  500.0 3.0e-02    2 25.0    0.85837    0.01117    0.85236
36N-HN  500.0 3.0e-02   28 25.0    0.87983    0.01124    0.88364
36N-HN  500.0 3.0e-02    8 25.0    0.87710    0.01123    0.88045
37N-HN  500.0 3.0e-02    0 25.0    1.00000    0.01178    0.99994
37N-HN  500.0 3.0e-02   30 25.0    0.88683    0.01104    0.89134
37N-HN  500.0 3.0e-02    1 25.0    0.56974    0.00925    0.57135
37N-HN  500.0 3.0e-02   28 25.0    0.86985    0.01093    0.89082
37N-HN  500.0 3.0e-02    2 25.0    0.63925    0.00960    0.63912
37N-HN  500.0 3.0e-02   26 25.0    0.88942    0.01105    0.89017
37N-HN  500.0 3.0e-02    3 25.0    0.70940    0.00998    0.70355
37N-HN  500.0 3.0e-02   24 25.0    0.90064    0.01112    0.88935
37N-HN  500.0 3.0e-02    4 25.0    0.75759    0.01025    0.75608
37N-HN  500.0 3.0e-02   22 25.0    0.87878    0.01099    0.88830
37N-HN  500.0 3.0e-02    5 25.0    0.79228    0.01046    0.79336
37N-HN  500.0 3.0e-02   20 25.0    0.89798    0.01111    0.88693
37N-HN  500.0 3.0e-02    6 25.0    0.82889    0.01068    0.81869
37N-HN  500.0 3.0e-02   18 25.0    0.90727    0.01116    0.88508
37N-HN  500.0 3.0e-02    7 25.0    0.83647    0.01072    0.83621
37N-HN  500.0 3.0e-02   16 25.0    0.88443    0.01102    0.88251
37N-HN  500.0 3.0e-02    8 25.0    0.85372    0.01083    0.84859
37N-HN  500.0 3.0e-02   14 25.0    0.87967    0.01099    0.87881
37N-HN  500.0 3.0e-02    9 25.0    0.85365    0.01083    0.85753
37N-HN  500.0 3.0e-02   13 25.0    0.87030    0.01093    0.87630
37N-HN  500.0 3.0e-02   10 25.0    0.85422    0.01083    0.86421
37N-HN  500.0 3.0e-02   12 25.0    0.87096    0.01094    0.87321
37N-HN  500.0 3.0e-02   11 25.0    0.86741    0.01091    0.86926
37N-HN  500.0 3.0e-02    2 25.0    0.63943    0.00960    0.63912
37N-HN  500.0 3.0e-02   28 25.0    0.89785    0.01110    0.89082
37N-HN  500.0 3.0e-02    8 25.0    0.83535    0.01072    0.84859
49N-HN  500.0 3.0e-02    0 25.0    1.00000    0.00694    1.00010
49N-HN  500.0 3.0e-02   30 25.0    0.82080    0.00627    0.83992
49N-HN  500.0 3.0e-02    1 25.0    0.70786    0.00597    0.70537
49N-HN  500.0 3.0e-02   28 25.0    0.84772    0.00633    0.83978
49N-HN  500.0 3.0e-02    2 25.0    0.75208    0.00607    0.74432
49N-HN  500.0 3.0e-02   26 25.0    0.83365    0.00629    0.83960
49N-HN  500.0 3.0e-02    3 25.0    0.76299    0.00611    0.77618
49N-HN  500.0 3.0e-02   24 25.0    0.82263    0.00627    0.83938
49N-HN  500.0 3.0e-02    4 25.0    0.80501    0.00622    0.79706
49N-HN  500.0 3.0e-02   22 25.0    0.83842    0.00631    0.83909
49N-HN  500.0 3.0e-02    5 25.0    0.81788    0.00625    0.81013
49N-HN  500.0 3.0e-02   20 25.0    0.85619    0.00635    0.83871
49N-HN  500.0 3.0e-02    6 25.0    0.82385    0.00627    0.81839
49N-HN  500.0 3.0e-02   18 25.0    0.83917    0.00631    0.83819
49N-HN  500.0 3.0e-02    7 25.0    0.82932    0.00628    0.82385
49N-HN  500.0 3.0e-02   16 25.0    0.83385    0.00630    0.83747
49N-HN  500.0 3.0e-02    8 25.0    0.82504    0.00628    0.82760
49N-HN  500.0 3.0e-02   14 25.0    0.84200    0.00632    0.83643
49N-HN  500.0 3.0e-02    9 25.0    0.83149    0.00630    0.83027
49N-HN  500.0 3.0e-02   13 25.0    0.83696    0.00631    0.83571
49N-HN  500.0 3.0e-02   10 25.0    0.83099    0.00629    0.83222
49N-HN  500.0 3.0e-02   12 25.0    0.82910    0.00629    0.83483
49N-HN  500.0 3.0e-02   11 25.0    0.82810    0.00628    0.83369
49N-HN  500.0 3.0e-02    2 25.0    0.73712    0.00604    0.74432
49N-HN  500.0 3.0e-02   28 25.0    0.84402    0.00632    0.83978
49N-HN  500.0 3.0e-02    8 25.0    0.83520    0.00630    0.82760
52N-HN  500.0 3.0e-02    0 25.0    1.00000    0.00444    0.99998
52N-HN  500.0 3.0e-02   30 25.0    0.86035    0.00444    0.84982
52N-HN  500.0 3.0e-02    1 25.0    0.62822    0.00444    0.63350
52N-HN  500.0 3.0e-02   28 25.0    0.85210    0.00444    0.84957
52N-HN  500.0 3.0e-02    2 25.0    0.69483    0.00444    0.68953
52N-HN  500.0 3.0e-02   26 25.0    0.84703    0.00444    0.84925
52N-HN  500.0 3.0e-02    3 25.0    0.72539    0.00444    0.73774
52N-HN  500.0 3.0e-02   24 25.0    0.85804    0.00444    0.84885
52N-HN  500.0 3.0e-02    4 25.0    0.77045    0.00444    0.77233
52N-HN  500.0 3.0e-02   22 25.0    0.84660    0.00444    0.84832
52N-HN  500.0 3.0e-02    5 25.0    0.79653    0.00444    0.79524
52N-HN  500.0 3.0e-02   20 25.0    0.85194    0.00444    0.84763
52N-HN  500.0 3.0e-02    6 25.0    0.81802    0.00444    0.81016
52N-HN  500.0 3.0e-02   18 25.0    0.84460    0.00444    0.84669
52N-HN  500.0 3.0e-02    7 25.0    0.80705    0.00444    0.82018
52N-HN  500.0 3.0e-02   16 25.0    0.84855    0.00444    0.84537
52N-HN  500.0 3.0e-02    8 25.0    0.82738    0.00444    0.82711
52N-HN  500.0 3.0e-02   14 25.0    0.84508    0.00444    0.84345
52N-HN  500.0 3.0e-02    9 25.0    0.83204    0.00444    0.83204
52N-HN  500.0 3.0e-02   13 25.0    0.84088    0.00444    0.84213
52N-HN  500.0 3.0e-02   10 25.0    0.83252    0.00444    0.83567
52N-HN  500.0 3.0e-02   12 25.0    0.83699    0.00444    0.84050
52N-HN  500.0 3.0e-02   11 25.0    0.83715    0.00444    0.83839
52N-HN  500.0 3.0e-02    2 25.0    0.68628    0.00444    0.68953
52N-HN  500.0 3.0e-02   28 25.0    0.85133    0.00444    0.84957
52N-HN  500.0 3.0e-02    8 25.0    0.82745    0.00444    0.82711
53N-HN  500.0 3.0e-02    0 25.0    1.00000    0.00456    1.00009
53N-HN  500.0 3.0e-02   30 25.0    0.84393    0.00456    0.85257
53N-HN  500.0 3.0e-02    1 25.0    0.74580    0.00456    0.74055
53N-HN  500.0 3.0e-02   28 25.0    0.84363    0.00456    0.85248
53N-HN  500.0 3.0e-02    2 25.0    0.77015    0.00456    0.77388
53N-HN  500.0 3.0e-02   26 25.0    0.85896    0.00456    0.85236
53N-HN  500.0 3.0e-02    3 25.0    0.80002    0.00456    0.80023
53N-HN  500.0 3.0e-02   24 25.0    0.84633    0.00456    0.85221
53N-HN  500.0 3.0e-02    4 25.0    0.82936    0.00456    0.81769
53N-HN  500.0 3.0e-02   22 25.0    0.85618    0.00456    0.85201
53N-HN  500.0 3.0e-02    5 25.0    0.83527    0.00456    0.82866
53N-HN  500.0 3.0e-02   20 25.0    0.85226    0.00456    0.85174
53N-HN  500.0 3.0e-02    6 25.0    0.84150    0.00456    0.83555
53N-HN  500.0 3.0e-02   18 25.0    0.85079    0.00456    0.85137
53N-HN  500.0 3.0e-02    7 25.0    0.84189    0.00456    0.84005
53N-HN  500.0 3.0e-02   16 25.0    0.85058    0.00456    0.85084
53N-HN  500.0 3.0e-02    8 25.0    0.84724    0.00456    0.84310
53N-HN  500.0 3.0e-02   14 25.0    0.85166    0.00456    0.85005
53N-HN  500.0 3.0e-02    9 25.0    0.84718    0.00456    0.84524
53N-HN  500.0 3.0e-02   13 25.0    0.85237    0.00456    0.84951
53N-HN  500.0 3.0e-02   10 25.0    0.84652    0.00456    0.84680
53N-HN  500.0 3.0e-02   12 25.0    0.84340    0.00456    0.84883
53N-HN  500.0 3.0e-02   11 25.0    0.84409    0.00456    0.84795
53N-HN  500.0 3.0e-02    2 25.0    0.76989    0.00456    0.77388
53N-HN  500.0 3.0e-02   28 25.0    0.84956    0.00456    0.85248
53N-HN  500.0 3.0e-02    8 25.0    0.83540    0.00456    0.84310
