A39N-HN     499.2 5.0e-01 1.200e+04 2.7e+01 25.0  1.00000  0.00579  1.00000
A39N-HN     499.2 5.0e-01 7.500e+02 2.7e+01 25.0  0.25370  0.00579  0.24971
A39N-HN     499.2 5.0e-01 7.250e+02 2.7e+01 25.0  0.24930  0.00579  0.24969
A39N-HN     499.2 5.0e-01 7.000e+02 2.7e+01 25.0  0.23810  0.00579  0.24968
A39N-HN     499.2 5.0e-01 6.750e+02 2.7e+01 25.0  0.24060  0.00579  0.24966
A39N-HN     499.2 5.0e-01 6.500e+02 2.7e+01 25.0  0.24290  0.00579  0.24964
A39N-HN     499.2 5.0e-01 6.250e+02 2.7e+01 25.0  0.25120  0.00579  0.24962
A39N-HN     499.2 5.0e-01 6.000e+02 2.7e+01 25.0  0.24500  0.00579  0.24960
A39N-HN     499.2 5.0e-01 5.750e+02 2.7e+01 25.0  0.25180  0.00579  0.24958
A39N-HN     499.2 5.0e-01 5.500e+02 2.7e+01 25.0  0.24780  0.00579  0.24955
A39N-HN     499.2 5.0e-01 5.250e+02 2.7e+01 25.0  0.26000  0.00579  0.24952
A39N-HN     499.2 5.0e-01 5.000e+02 2.7e+01 25.0  0.25350  0.00579  0.24949
A39N-HN     499.2 5.0e-01 4.750e+02 2.7e+01 25.0  0.25730  0.00579  0.24946
A39N-HN     499.2 5.0e-01 4.500e+02 2.7e+01 25.0  0.25140  0.00579  0.24942
A39N-HN     499.2 5.0e-01 4.250e+02 2.7e+01 25.0  0.24090  0.00579  0.24938
A39N-HN     499.2 5.0e-01 4.000e+02 2.7e+01 25.0  0.24660  0.00579  0.24933
A39N-HN     499.2 5.0e-01 3.750e+02 2.7e+01 25.0  0.25670  0.00579  0.24927
A39N-HN     499.2 5.0e-01 3.500e+02 2.7e+01 25.0  0.24630  0.00579  0.24921
A39N-HN     499.2 5.0e-01 3.250e+02 2.7e+01 25.0  0.24910  0.00579  0.24914
A39N-HN     499.2 5.0e-01 3.000e+02 2.7e+01 25.0  0.23960  0.00579  0.24905
A39N-HN     499.2 5.0e-01 2.750e+02 2.7e+01 25.0  0.23840  0.00579  0.24896
A39N-HN     499.2 5.0e-01 2.500e+02 2.7e+01 25.0  0.25690  0.00579  0.24885
A39N-HN     499.2 5.0e-01 2.250e+02 2.7e+01 25.0  0.25290  0.00579  0.24872
A39N-HN     499.2 5.0e-01 2.000e+02 2.7e+01 25.0  0.24890  0.00579  0.24856
A39N-HN     499.2 5.0e-01 1.750e+02 2.7e+01 25.0  0.25750  0.00579  0.24837
A39N-HN     499.2 5.0e-01 1.500e+02 2.7e+01 25.0  0.25030  0.00579  0.24815
A39N-HN     499.2 5.0e-01 1.250e+02 2.7e+01 25.0  0.24740  0.00579  0.24787
A39N-HN     499.2 5.0e-01 1.000e+02 2.7e+01 25.0  0.25340  0.00579  0.24752
A39N-HN     499.2 5.0e-01 7.500e+01 2.7e+01 25.0  0.25500  0.00579  0.24707
A39N-HN     499.2 5.0e-01 5.000e+01 2.7e+01 25.0  0.24650  0.00579  0.24650
A39N-HN     499.2 5.0e-01 2.500e+01 2.7e+01 25.0  0.24390  0.00579  0.24575
A39N-HN     499.2 5.0e-01 -0.000e+00 2.7e+01 25.0  0.24060  0.00579  0.24474
A39N-HN     499.2 5.0e-01 -2.500e+01 2.7e+01 25.0  0.24220  0.00579  0.24334
A39N-HN     499.2 5.0e-01 -5.000e+01 2.7e+01 25.0  0.24520  0.00579  0.24134
A39N-HN     499.2 5.0e-01 -7.500e+01 2.7e+01 25.0  0.23930  0.00579  0.23839
A39N-HN     499.2 5.0e-01 -1.000e+02 2.7e+01 25.0  0.22800  0.00579  0.23383
A39N-HN     499.2 5.0e-01 -1.250e+02 2.7e+01 25.0  0.22850  0.00579  0.22640
A39N-HN     499.2 5.0e-01 -1.500e+02 2.7e+01 25.0  0.21450  0.00579  0.21358
A39N-HN     499.2 5.0e-01 -1.750e+02 2.7e+01 25.0  0.18620  0.00579  0.19018
A39N-HN     499.2 5.0e-01 -2.000e+02 2.7e+01 25.0  0.14510  0.00579  0.14700
A39N-HN     499.2 5.0e-01 -2.250e+02 2.7e+01 25.0  0.08510  0.00579  0.08135
A39N-HN     499.2 5.0e-01 -2.500e+02 2.7e+01 25.0  0.02400  0.00579  0.03197
A39N-HN     499.2 5.0e-01 -2.750e+02 2.7e+01 25.0  0.03020  0.00579  0.03846
A39N-HN     499.2 5.0e-01 -3.000e+02 2.7e+01 25.0  0.08550  0.00579  0.08238
A39N-HN     499.2 5.0e-01 -3.250e+02 2.7e+01 25.0  0.13210  0.00579  0.12598
A39N-HN     499.2 5.0e-01 -3.500e+02 2.7e+01 25.0  0.14660  0.00579  0.15492
A39N-HN     499.2 5.0e-01 -3.750e+02 2.7e+01 25.0  0.16200  0.00579  0.17220
A39N-HN     499.2 5.0e-01 -4.000e+02 2.7e+01 25.0  0.18980  0.00579  0.18209
A39N-HN     499.2 5.0e-01 -4.250e+02 2.7e+01 25.0  0.18930  0.00579  0.18712
A39N-HN     499.2 5.0e-01 -4.500e+02 2.7e+01 25.0  0.19320  0.00579  0.18857
A39N-HN     499.2 5.0e-01 -4.750e+02 2.7e+01 25.0  0.17920  0.00579  0.18685
A39N-HN     499.2 5.0e-01 -5.000e+02 2.7e+01 25.0  0.18800  0.00579  0.18173
A39N-HN     499.2 5.0e-01 -5.250e+02 2.7e+01 25.0  0.17190  0.00579  0.17232
A39N-HN     499.2 5.0e-01 -5.500e+02 2.7e+01 25.0  0.15380  0.00579  0.15669
A39N-HN     499.2 5.0e-01 -5.750e+02 2.7e+01 25.0  0.13170  0.00579  0.13143
A39N-HN     499.2 5.0e-01 -6.000e+02 2.7e+01 25.0  0.09070  0.00579  0.09208
A39N-HN     499.2 5.0e-01 -6.250e+02 2.7e+01 25.0  0.03660  0.00579  0.04107
A39N-HN     499.2 5.0e-01 -6.500e+02 2.7e+01 25.0  0.00790  0.00579  0.00567
A39N-HN     499.2 5.0e-01 -6.750e+02 2.7e+01 25.0  0.00450  0.00579  0.00082
A39N-HN     499.2 5.0e-01 -7.000e+02 2.7e+01 25.0  0.01560  0.00579  0.02195
A39N-HN     499.2 5.0e-01 -7.250e+02 2.7e+01 25.0  0.08450  0.00579  0.08519
A39N-HN     499.2 5.0e-01 -7.500e+02 2.7e+01 25.0  0.15380  0.00579  0.14598
A56N-HN     499.2 5.0e-01 1.200e+04 2.7e+01 25.0  1.00000  0.00547  1.00000
A56N-HN     499.2 5.0e-01 7.500e+02 2.7e+01 25.0  0.25110  0.00547  0.25541
A56N-HN     499.2 5.0e-01 7.250e+02 2.7e+01 25.0  0.25440  0.00547  0.25538
A56N-HN     499.2 5.0e-01 7.000e+02 2.7e+01 25.0  0.25550  0.00547  0.25534
A56N-HN     499.2 5.0e-01 6.750e+02 2.7e+01 25.0  0.25460  0.00547  0.25530
A56N-HN     499.2 5.0e-01 6.500e+02 2.7e+01 25.0  0.25160  0.00547  0.25525
A56N-HN     499.2 5.0e-01 6.250e+02 2.7e+01 25.0  0.24880  0.00547  0.25519
A56N-HN     499.2 5.0e-01 6.000e+02 2.7e+01 25.0  0.26700  0.00547  0.25513
A56N-HN     499.2 5.0e-01 5.750e+02 2.7e+01 25.0  0.25380  0.00547  0.25507
A56N-HN     499.2 5.0e-01 5.500e+02 2.7e+01 25.0  0.25690  0.00547  0.25499
A56N-HN     499.2 5.0e-01 5.250e+02 2.7e+01 25.0  0.24990  0.00547  0.25491
A56N-HN     499.2 5.0e-01 5.000e+02 2.7e+01 25.0  0.25230  0.00547  0.25481
A56N-HN     499.2 5.0e-01 4.750e+02 2.7e+01 25.0  0.24850  0.00547  0.25471
A56N-HN     499.2 5.0e-01 4.500e+02 2.7e+01 25.0  0.25010  0.00547  0.25458
A56N-HN     499.2 5.0e-01 4.250e+02 2.7e+01 25.0  0.25690  0.00547  0.25444
A56N-HN     499.2 5.0e-01 4.000e+02 2.7e+01 25.0  0.25410  0.00547  0.25428
A56N-HN     499.2 5.0e-01 3.750e+02 2.7e+01 25.0  0.25720  0.00547  0.25409
A56N-HN     499.2 5.0e-01 3.500e+02 2.7e+01 25.0  0.26150  0.00547  0.25386
A56N-HN     499.2 5.0e-01 3.250e+02 2.7e+01 25.0  0.25020  0.00547  0.25360
A56N-HN     499.2 5.0e-01 3.000e+02 2.7e+01 25.0  0.25810  0.00547  0.25329
A56N-HN     499.2 5.0e-01 2.750e+02 2.7e+01 25.0  0.25730  0.00547  0.25291
A56N-HN     499.2 5.0e-01 2.500e+02 2.7e+01 25.0  0.25410  0.00547  0.25245
A56N-HN     499.2 5.0e-01 2.250e+02 2.7e+01 25.0  0.25280  0.00547  0.25189
A56N-HN     499.2 5.0e-01 2.000e+02 2.7e+01 25.0  0.25040  0.00547  0.25120
A56N-HN     499.2 5.0e-01 1.750e+02 2.7e+01 25.0  0.25590  0.00547  0.25031
A56N-HN     499.2 5.0e-01 1.500e+02 2.7e+01 25.0  0.24530  0.00547  0.24919
A56N-HN     499.2 5.0e-01 1.250e+02 2.7e+01 25.0  0.25000  0.00547  0.24771
A56N-HN     499.2 5.0e-01 1.000e+02 2.7e+01 25.0  0.24590  0.00547  0.24574
A56N-HN     499.2 5.0e-01 7.500e+01 2.7e+01 25.0  0.23750  0.00547  0.24304
A56N-HN     499.2 5.0e-01 5.000e+01 2.7e+01 25.0  0.23780  0.00547  0.23924
A56N-HN     499.2 5.0e-01 2.500e+01 2.7e+01 25.0  0.24950  0.00547  0.23369
A56N-HN     499.2 5.0e-01 -0.000e+00 2.7e+01 25.0  0.22620  0.00547  0.22522
A56N-HN     499.2 5.0e-01 -2.500e+01 2.7e+01 25.0  0.21700  0.00547  0.21173
A56N-HN     499.2 5.0e-01 -5.000e+01 2.7e+01 25.0  0.19430  0.00547  0.18911
A56N-HN     499.2 5.0e-01 -7.500e+01 2.7e+01 25.0  0.14060  0.00547  0.14985
A56N-HN     499.2 5.0e-01 -1.000e+02 2.7e+01 25.0  0.08800  0.00547  0.08629
A56N-HN     499.2 5.0e-01 -1.250e+02 2.7e+01 25.0  0.01890  0.00547  0.02045
A56N-HN     499.2 5.0e-01 -1.500e+02 2.7e+01 25.0  0.00040  0.00547  0.00051
A56N-HN     499.2 5.0e-01 -1.750e+02 2.7e+01 25.0  0.00980  0.00547  0.00786
A56N-HN     499.2 5.0e-01 -2.000e+02 2.7e+01 25.0  0.04710  0.00547  0.04663
A56N-HN     499.2 5.0e-01 -2.250e+02 2.7e+01 25.0  0.10260  0.00547  0.09918
A56N-HN     499.2 5.0e-01 -2.500e+02 2.7e+01 25.0  0.13450  0.00547  0.13822
A56N-HN     499.2 5.0e-01 -2.750e+02 2.7e+01 25.0  0.16210  0.00547  0.16303
A56N-HN     499.2 5.0e-01 -3.000e+02 2.7e+01 25.0  0.17390  0.00547  0.17836
A56N-HN     499.2 5.0e-01 -3.250e+02 2.7e+01 25.0  0.18130  0.00547  0.18753
A56N-HN     499.2 5.0e-01 -3.500e+02 2.7e+01 25.0  0.18820  0.00547  0.19244
A56N-HN     499.2 5.0e-01 -3.750e+02 2.7e+01 25.0  0.19300  0.00547  0.19396
A56N-HN     499.2 5.0e-01 -4.000e+02 2.7e+01 25.0  0.18990  0.00547  0.19221
A56N-HN     499.2 5.0e-01 -4.250e+02 2.7e+01 25.0  0.18820  0.00547  0.18667
A56N-HN     499.2 5.0e-01 -4.500e+02 2.7e+01 25.0  0.17000  0.00547  0.17581
A56N-HN     499.2 5.0e-01 -4.750e+02 2.7e+01 25.0  0.16880  0.00547  0.15652
A56N-HN     499.2 5.0e-01 -5.000e+02 2.7e+01 25.0  0.12750  0.00547  0.12348
A56N-HN     499.2 5.0e-01 -5.250e+02 2.7e+01 25.0  0.06940  0.00547  0.07400
A56N-HN     499.2 5.0e-01 -5.500e+02 2.7e+01 25.0  0.03480  0.00547  0.03085
A56N-HN     499.2 5.0e-01 -5.750e+02 2.7e+01 25.0  0.04360  0.00547  0.04013
A56N-HN     499.2 5.0e-01 -6.000e+02 2.7e+01 25.0  0.10960  0.00547  0.10807
A56N-HN     499.2 5.0e-01 -6.250e+02 2.7e+01 25.0  0.17120  0.00547  0.17350
A56N-HN     499.2 5.0e-01 -6.500e+02 2.7e+01 25.0  0.21440  0.00547  0.20992
A56N-HN     499.2 5.0e-01 -6.750e+02 2.7e+01 25.0  0.22510  0.00547  0.22844
A56N-HN     499.2 5.0e-01 -7.000e+02 2.7e+01 25.0  0.23400  0.00547  0.23834
A56N-HN     499.2 5.0e-01 -7.250e+02 2.7e+01 25.0  0.23950  0.00547  0.24401
A56N-HN     499.2 5.0e-01 -7.500e+02 2.7e+01 25.0  0.24940  0.00547  0.24748
D16N-HN     499.2 5.0e-01 1.200e+04 2.7e+01 25.0  1.00000  0.00426  1.00000
D16N-HN     499.2 5.0e-01 7.500e+02 2.7e+01 25.0  0.26040  0.00426  0.26675
D16N-HN     499.2 5.0e-01 7.250e+02 2.7e+01 25.0  0.26390  0.00426  0.26666
D16N-HN     499.2 5.0e-01 7.000e+02 2.7e+01 25.0  0.27030  0.00426  0.26656
D16N-HN     499.2 5.0e-01 6.750e+02 2.7e+01 25.0  0.26040  0.00426  0.26644
D16N-HN     499.2 5.0e-01 6.500e+02 2.7e+01 25.0  0.25930  0.00426  0.26630
D16N-HN     499.2 5.0e-01 6.250e+02 2.7e+01 25.0  0.26440  0.00426  0.26614
D16N-HN     499.2 5.0e-01 6.000e+02 2.7e+01 25.0  0.26970  0.00426  0.26596
D16N-HN     499.2 5.0e-01 5.750e+02 2.7e+01 25.0  0.26550  0.00426  0.26575
D16N-HN     499.2 5.0e-01 5.500e+02 2.7e+01 25.0  0.26360  0.00426  0.26550
D16N-HN     499.2 5.0e-01 5.250e+02 2.7e+01 25.0  0.27210  0.00426  0.26520
D16N-HN     499.2 5.0e-01 5.000e+02 2.7e+01 25.0  0.25220  0.00426  0.26484
D16N-HN     499.2 5.0e-01 4.750e+02 2.7e+01 25.0  0.26870  0.00426  0.26441
D16N-HN     499.2 5.0e-01 4.500e+02 2.7e+01 25.0  0.26380  0.00426  0.26387
D16N-HN     499.2 5.0e-01 4.250e+02 2.7e+01 25.0  0.25610  0.00426  0.26320
D16N-HN     499.2 5.0e-01 4.000e+02 2.7e+01 25.0  0.26380  0.00426  0.26234
D16N-HN     499.2 5.0e-01 3.750e+02 2.7e+01 25.0  0.27050  0.00426  0.26124
D16N-HN     499.2 5.0e-01 3.500e+02 2.7e+01 25.0  0.25580  0.00426  0.25976
D16N-HN     499.2 5.0e-01 3.250e+02 2.7e+01 25.0  0.25990  0.00426  0.25777
D16N-HN     499.2 5.0e-01 3.000e+02 2.7e+01 25.0  0.25880  0.00426  0.25494
D16N-HN     499.2 5.0e-01 2.750e+02 2.7e+01 25.0  0.25000  0.00426  0.25082
D16N-HN     499.2 5.0e-01 2.500e+02 2.7e+01 25.0  0.24120  0.00426  0.24454
D16N-HN     499.2 5.0e-01 2.250e+02 2.7e+01 25.0  0.23090  0.00426  0.23438
D16N-HN     499.2 5.0e-01 2.000e+02 2.7e+01 25.0  0.21480  0.00426  0.21696
D16N-HN     499.2 5.0e-01 1.750e+02 2.7e+01 25.0  0.19130  0.00426  0.18525
D16N-HN     499.2 5.0e-01 1.500e+02 2.7e+01 25.0  0.13230  0.00426  0.12723
D16N-HN     499.2 5.0e-01 1.250e+02 2.7e+01 25.0  0.04250  0.00426  0.04648
D16N-HN     499.2 5.0e-01 1.000e+02 2.7e+01 25.0 -0.00090  0.00426  0.00301
D16N-HN     499.2 5.0e-01 7.500e+01 2.7e+01 25.0 -0.00020  0.00426  0.00345
D16N-HN     499.2 5.0e-01 5.000e+01 2.7e+01 25.0  0.01740  0.00426  0.02282
D16N-HN     499.2 5.0e-01 2.500e+01 2.7e+01 25.0  0.05180  0.00426  0.05463
D16N-HN     499.2 5.0e-01 -0.000e+00 2.7e+01 25.0  0.07210  0.00426  0.07264
D16N-HN     499.2 5.0e-01 -2.500e+01 2.7e+01 25.0  0.06840  0.00426  0.06900
D16N-HN     499.2 5.0e-01 -5.000e+01 2.7e+01 25.0  0.04750  0.00426  0.04733
D16N-HN     499.2 5.0e-01 -7.500e+01 2.7e+01 25.0  0.02520  0.00426  0.02796
D16N-HN     499.2 5.0e-01 -1.000e+02 2.7e+01 25.0  0.04670  0.00426  0.04971
D16N-HN     499.2 5.0e-01 -1.250e+02 2.7e+01 25.0  0.12210  0.00426  0.12217
D16N-HN     499.2 5.0e-01 -1.500e+02 2.7e+01 25.0  0.18910  0.00426  0.18752
D16N-HN     499.2 5.0e-01 -1.750e+02 2.7e+01 25.0  0.22800  0.00426  0.22300
D16N-HN     499.2 5.0e-01 -2.000e+02 2.7e+01 25.0  0.23610  0.00426  0.24072
D16N-HN     499.2 5.0e-01 -2.250e+02 2.7e+01 25.0  0.24130  0.00426  0.25007
D16N-HN     499.2 5.0e-01 -2.500e+02 2.7e+01 25.0  0.24630  0.00426  0.25541
D16N-HN     499.2 5.0e-01 -2.750e+02 2.7e+01 25.0  0.26100  0.00426  0.25868
D16N-HN     499.2 5.0e-01 -3.000e+02 2.7e+01 25.0  0.27100  0.00426  0.26081
D16N-HN     499.2 5.0e-01 -3.250e+02 2.7e+01 25.0  0.26470  0.00426  0.26226
D16N-HN     499.2 5.0e-01 -3.500e+02 2.7e+01 25.0  0.26650  0.00426  0.26330
D16N-HN     499.2 5.0e-01 -3.750e+02 2.7e+01 25.0  0.26630  0.00426  0.26406
D16N-HN     499.2 5.0e-01 -4.000e+02 2.7e+01 25.0  0.25650  0.00426  0.26464
D16N-HN     499.2 5.0e-01 -4.250e+02 2.7e+01 25.0  0.25950  0.00426  0.26509
D16N-HN     499.2 5.0e-01 -4.500e+02 2.7e+01 25.0  0.26570  0.00426  0.26545
D16N-HN     499.2 5.0e-01 -4.750e+02 2.7e+01 25.0  0.26560  0.00426  0.26574
D16N-HN     499.2 5.0e-01 -5.000e+02 2.7e+01 25.0  0.26920  0.00426  0.26597
D16N-HN     499.2 5.0e-01 -5.250e+02 2.7e+01 25.0  0.26710  0.00426  0.26617
D16N-HN     499.2 5.0e-01 -5.500e+02 2.7e+01 25.0  0.26140  0.00426  0.26634
D16N-HN     499.2 5.0e-01 -5.750e+02 2.7e+01 25.0  0.27680  0.00426  0.26648
D16N-HN     499.2 5.0e-01 -6.000e+02 2.7e+01 25.0  0.27740  0.00426  0.26660
D16N-HN     499.2 5.0e-01 -6.250e+02 2.7e+01 25.0  0.27980  0.00426  0.26671
D16N-HN     499.2 5.0e-01 -6.500e+02 2.7e+01 25.0  0.26930  0.00426  0.26680
D16N-HN     499.2 5.0e-01 -6.750e+02 2.7e+01 25.0  0.26620  0.00426  0.26688
D16N-HN     499.2 5.0e-01 -7.000e+02 2.7e+01 25.0  0.26700  0.00426  0.26696
D16N-HN     499.2 5.0e-01 -7.250e+02 2.7e+01 25.0  0.26500  0.00426  0.26702
D16N-HN     499.2 5.0e-01 -7.500e+02 2.7e+01 25.0  0.26290  0.00426  0.26708
D9N-HN      499.2 5.0e-01 1.200e+04 2.7e+01 25.0  1.00000  0.00453  1.00000
D9N-HN      499.2 5.0e-01 7.500e+02 2.7e+01 25.0  0.28110  0.00453  0.27435
D9N-HN      499.2 5.0e-01 7.250e+02 2.7e+01 25.0  0.27120  0.00453  0.27427
D9N-HN      499.2 5.0e-01 7.000e+02 2.7e+01 25.0  0.27130  0.00453  0.27419
D9N-HN      499.2 5.0e-01 6.750e+02 2.7e+01 25.0  0.27280  0.00453  0.27409
D9N-HN      499.2 5.0e-01 6.500e+02 2.7e+01 25.0  0.27290  0.00453  0.27398
D9N-HN      499.2 5.0e-01 6.250e+02 2.7e+01 25.0  0.27010  0.00453  0.27386
D9N-HN      499.2 5.0e-01 6.000e+02 2.7e+01 25.0  0.27520  0.00453  0.27371
D9N-HN      499.2 5.0e-01 5.750e+02 2.7e+01 25.0  0.27030  0.00453  0.27354
D9N-HN      499.2 5.0e-01 5.500e+02 2.7e+01 25.0  0.26950  0.00453  0.27335
D9N-HN      499.2 5.0e-01 5.250e+02 2.7e+01 25.0  0.27850  0.00453  0.27312
D9N-HN      499.2 5.0e-01 5.000e+02 2.7e+01 25.0  0.26930  0.00453  0.27285
D9N-HN      499.2 5.0e-01 4.750e+02 2.7e+01 25.0  0.27420  0.00453  0.27251
D9N-HN      499.2 5.0e-01 4.500e+02 2.7e+01 25.0  0.26750  0.00453  0.27211
D9N-HN      499.2 5.0e-01 4.250e+02 2.7e+01 25.0  0.27530  0.00453  0.27162
D9N-HN      499.2 5.0e-01 4.000e+02 2.7e+01 25.0  0.27610  0.00453  0.27100
D9N-HN      499.2 5.0e-01 3.750e+02 2.7e+01 25.0  0.26690  0.00453  0.27022
D9N-HN      499.2 5.0e-01 3.500e+02 2.7e+01 25.0  0.26320  0.00453  0.26921
D9N-HN      499.2 5.0e-01 3.250e+02 2.7e+01 25.0  0.27210  0.00453  0.26787
D9N-HN      499.2 5.0e-01 3.000e+02 2.7e+01 25.0  0.26690  0.00453  0.26606
D9N-HN      499.2 5.0e-01 2.750e+02 2.7e+01 25.0  0.26160  0.00453  0.26355
D9N-HN      499.2 5.0e-01 2.500e+02 2.7e+01 25.0  0.25580  0.00453  0.25990
D9N-HN      499.2 5.0e-01 2.250e+02 2.7e+01 25.0  0.25340  0.00453  0.25446
D9N-HN      499.2 5.0e-01 2.000e+02 2.7e+01 25.0  0.25460  0.00453  0.24585
D9N-HN      499.2 5.0e-01 1.750e+02 2.7e+01 25.0  0.23870  0.00453  0.23146
D9N-HN      499.2 5.0e-01 1.500e+02 2.7e+01 25.0  0.20830  0.00453  0.20593
D9N-HN      499.2 5.0e-01 1.250e+02 2.7e+01 25.0  0.16350  0.00453  0.15891
D9N-HN      499.2 5.0e-01 1.000e+02 2.7e+01 25.0  0.06910  0.00453  0.08158
D9N-HN      499.2 5.0e-01 7.500e+01 2.7e+01 25.0  0.00630  0.00453  0.01346
D9N-HN      499.2 5.0e-01 5.000e+01 2.7e+01 25.0  0.00370  0.00453  0.00080
D9N-HN      499.2 5.0e-01 2.500e+01 2.7e+01 25.0  0.01470  0.00453  0.01376
D9N-HN      499.2 5.0e-01 -0.000e+00 2.7e+01 25.0  0.05520  0.00453  0.04972
D9N-HN      499.2 5.0e-01 -2.500e+01 2.7e+01 25.0  0.08650  0.00453  0.08429
D9N-HN      499.2 5.0e-01 -5.000e+01 2.7e+01 25.0  0.09640  0.00453  0.10025
D9N-HN      499.2 5.0e-01 -7.500e+01 2.7e+01 25.0  0.09610  0.00453  0.09636
D9N-HN      499.2 5.0e-01 -1.000e+02 2.7e+01 25.0  0.07580  0.00453  0.07299
D9N-HN      499.2 5.0e-01 -1.250e+02 2.7e+01 25.0  0.03230  0.00453  0.03952
D9N-HN      499.2 5.0e-01 -1.500e+02 2.7e+01 25.0  0.02680  0.00453  0.03037
D9N-HN      499.2 5.0e-01 -1.750e+02 2.7e+01 25.0  0.08030  0.00453  0.08388
D9N-HN      499.2 5.0e-01 -2.000e+02 2.7e+01 25.0  0.17040  0.00453  0.16544
D9N-HN      499.2 5.0e-01 -2.250e+02 2.7e+01 25.0  0.21900  0.00453  0.21723
D9N-HN      499.2 5.0e-01 -2.500e+02 2.7e+01 25.0  0.23300  0.00453  0.24258
D9N-HN      499.2 5.0e-01 -2.750e+02 2.7e+01 25.0  0.24980  0.00453  0.25518
D9N-HN      499.2 5.0e-01 -3.000e+02 2.7e+01 25.0  0.26340  0.00453  0.26197
D9N-HN      499.2 5.0e-01 -3.250e+02 2.7e+01 25.0  0.27130  0.00453  0.26590
D9N-HN      499.2 5.0e-01 -3.500e+02 2.7e+01 25.0  0.26710  0.00453  0.26834
D9N-HN      499.2 5.0e-01 -3.750e+02 2.7e+01 25.0  0.27100  0.00453  0.26994
D9N-HN      499.2 5.0e-01 -4.000e+02 2.7e+01 25.0  0.27720  0.00453  0.27104
D9N-HN      499.2 5.0e-01 -4.250e+02 2.7e+01 25.0  0.27060  0.00453  0.27182
D9N-HN      499.2 5.0e-01 -4.500e+02 2.7e+01 25.0  0.26310  0.00453  0.27240
D9N-HN      499.2 5.0e-01 -4.750e+02 2.7e+01 25.0  0.27070  0.00453  0.27284
D9N-HN      499.2 5.0e-01 -5.000e+02 2.7e+01 25.0  0.26900  0.00453  0.27318
D9N-HN      499.2 5.0e-01 -5.250e+02 2.7e+01 25.0  0.27270  0.00453  0.27345
D9N-HN      499.2 5.0e-01 -5.500e+02 2.7e+01 25.0  0.27990  0.00453  0.27367
D9N-HN      499.2 5.0e-01 -5.750e+02 2.7e+01 25.0  0.27750  0.00453  0.27384
D9N-HN      499.2 5.0e-01 -6.000e+02 2.7e+01 25.0  0.27880  0.00453  0.27399
D9N-HN      499.2 5.0e-01 -6.250e+02 2.7e+01 25.0  0.27320  0.00453  0.27412
D9N-HN      499.2 5.0e-01 -6.500e+02 2.7e+01 25.0  0.27010  0.00453  0.27422
D9N-HN      499.2 5.0e-01 -6.750e+02 2.7e+01 25.0  0.28080  0.00453  0.27432
D9N-HN      499.2 5.0e-01 -7.000e+02 2.7e+01 25.0  0.27260  0.00453  0.27439
D9N-HN      499.2 5.0e-01 -7.250e+02 2.7e+01 25.0  0.27200  0.00453  0.27446
D9N-HN      499.2 5.0e-01 -7.500e+02 2.7e+01 25.0  0.27820  0.00453  0.27452
E11N-HN     499.2 5.0e-01 1.200e+04 2.7e+01 25.0  1.00000  0.00526  1.00000
E11N-HN     499.2 5.0e-01 7.500e+02 2.7e+01 25.0  0.26560  0.00526  0.26417
E11N-HN     499.2 5.0e-01 7.250e+02 2.7e+01 25.0  0.26540  0.00526  0.26416
E11N-HN     499.2 5.0e-01 7.000e+02 2.7e+01 25.0  0.25440  0.00526  0.26414
E11N-HN     499.2 5.0e-01 6.750e+02 2.7e+01 25.0  0.27170  0.00526  0.26412
E11N-HN     499.2 5.0e-01 6.500e+02 2.7e+01 25.0  0.26520  0.00526  0.26410
E11N-HN     499.2 5.0e-01 6.250e+02 2.7e+01 25.0  0.26700  0.00526  0.26408
E11N-HN     499.2 5.0e-01 6.000e+02 2.7e+01 25.0  0.26090  0.00526  0.26405
E11N-HN     499.2 5.0e-01 5.750e+02 2.7e+01 25.0  0.26220  0.00526  0.26403
E11N-HN     499.2 5.0e-01 5.500e+02 2.7e+01 25.0  0.25940  0.00526  0.26400
E11N-HN     499.2 5.0e-01 5.250e+02 2.7e+01 25.0  0.26240  0.00526  0.26396
E11N-HN     499.2 5.0e-01 5.000e+02 2.7e+01 25.0  0.26030  0.00526  0.26392
E11N-HN     499.2 5.0e-01 4.750e+02 2.7e+01 25.0  0.26130  0.00526  0.26388
E11N-HN     499.2 5.0e-01 4.500e+02 2.7e+01 25.0  0.26100  0.00526  0.26383
E11N-HN     499.2 5.0e-01 4.250e+02 2.7e+01 25.0  0.25570  0.00526  0.26377
E11N-HN     499.2 5.0e-01 4.000e+02 2.7e+01 25.0  0.26310  0.00526  0.26371
E11N-HN     499.2 5.0e-01 3.750e+02 2.7e+01 25.0  0.26430  0.00526  0.26363
E11N-HN     499.2 5.0e-01 3.500e+02 2.7e+01 25.0  0.26040  0.00526  0.26354
E11N-HN     499.2 5.0e-01 3.250e+02 2.7e+01 25.0  0.25440  0.00526  0.26344
E11N-HN     499.2 5.0e-01 3.000e+02 2.7e+01 25.0  0.25830  0.00526  0.26331
E11N-HN     499.2 5.0e-01 2.750e+02 2.7e+01 25.0  0.26650  0.00526  0.26316
E11N-HN     499.2 5.0e-01 2.500e+02 2.7e+01 25.0  0.27470  0.00526  0.26297
E11N-HN     499.2 5.0e-01 2.250e+02 2.7e+01 25.0  0.26010  0.00526  0.26274
E11N-HN     499.2 5.0e-01 2.000e+02 2.7e+01 25.0  0.27520  0.00526  0.26244
E11N-HN     499.2 5.0e-01 1.750e+02 2.7e+01 25.0  0.26290  0.00526  0.26206
E11N-HN     499.2 5.0e-01 1.500e+02 2.7e+01 25.0  0.26800  0.00526  0.26156
E11N-HN     499.2 5.0e-01 1.250e+02 2.7e+01 25.0  0.25700  0.00526  0.26090
E11N-HN     499.2 5.0e-01 1.000e+02 2.7e+01 25.0  0.26150  0.00526  0.25998
E11N-HN     499.2 5.0e-01 7.500e+01 2.7e+01 25.0  0.25340  0.00526  0.25868
E11N-HN     499.2 5.0e-01 5.000e+01 2.7e+01 25.0  0.25690  0.00526  0.25676
E11N-HN     499.2 5.0e-01 2.500e+01 2.7e+01 25.0  0.26220  0.00526  0.25383
E11N-HN     499.2 5.0e-01 -0.000e+00 2.7e+01 25.0  0.24910  0.00526  0.24910
E11N-HN     499.2 5.0e-01 -2.500e+01 2.7e+01 25.0  0.23190  0.00526  0.24101
E11N-HN     499.2 5.0e-01 -5.000e+01 2.7e+01 25.0  0.22730  0.00526  0.22621
E11N-HN     499.2 5.0e-01 -7.500e+01 2.7e+01 25.0  0.19630  0.00526  0.19735
E11N-HN     499.2 5.0e-01 -1.000e+02 2.7e+01 25.0  0.14260  0.00526  0.14185
E11N-HN     499.2 5.0e-01 -1.250e+02 2.7e+01 25.0  0.06720  0.00526  0.06520
E11N-HN     499.2 5.0e-01 -1.500e+02 2.7e+01 25.0  0.02870  0.00526  0.02761
E11N-HN     499.2 5.0e-01 -1.750e+02 2.7e+01 25.0  0.05280  0.00526  0.05227
E11N-HN     499.2 5.0e-01 -2.000e+02 2.7e+01 25.0  0.10320  0.00526  0.10062
E11N-HN     499.2 5.0e-01 -2.250e+02 2.7e+01 25.0  0.13680  0.00526  0.13811
E11N-HN     499.2 5.0e-01 -2.500e+02 2.7e+01 25.0  0.16350  0.00526  0.16005
E11N-HN     499.2 5.0e-01 -2.750e+02 2.7e+01 25.0  0.17310  0.00526  0.17101
E11N-HN     499.2 5.0e-01 -3.000e+02 2.7e+01 25.0  0.16760  0.00526  0.17427
E11N-HN     499.2 5.0e-01 -3.250e+02 2.7e+01 25.0  0.17050  0.00526  0.17102
E11N-HN     499.2 5.0e-01 -3.500e+02 2.7e+01 25.0  0.16490  0.00526  0.16069
E11N-HN     499.2 5.0e-01 -3.750e+02 2.7e+01 25.0  0.13850  0.00526  0.14100
E11N-HN     499.2 5.0e-01 -4.000e+02 2.7e+01 25.0  0.09920  0.00526  0.10784
E11N-HN     499.2 5.0e-01 -4.250e+02 2.7e+01 25.0  0.05660  0.00526  0.05930
E11N-HN     499.2 5.0e-01 -4.500e+02 2.7e+01 25.0  0.01150  0.00526  0.01372
E11N-HN     499.2 5.0e-01 -4.750e+02 2.7e+01 25.0 -0.00310  0.00526  0.00044
E11N-HN     499.2 5.0e-01 -5.000e+02 2.7e+01 25.0  0.00910  0.00526  0.01320
E11N-HN     499.2 5.0e-01 -5.250e+02 2.7e+01 25.0  0.06930  0.00526  0.07510
E11N-HN     499.2 5.0e-01 -5.500e+02 2.7e+01 25.0  0.14260  0.00526  0.14654
E11N-HN     499.2 5.0e-01 -5.750e+02 2.7e+01 25.0  0.20990  0.00526  0.19197
E11N-HN     499.2 5.0e-01 -6.000e+02 2.7e+01 25.0  0.22130  0.00526  0.21764
E11N-HN     499.2 5.0e-01 -6.250e+02 2.7e+01 25.0  0.23730  0.00526  0.23255
E11N-HN     499.2 5.0e-01 -6.500e+02 2.7e+01 25.0  0.24510  0.00526  0.24169
E11N-HN     499.2 5.0e-01 -6.750e+02 2.7e+01 25.0  0.24820  0.00526  0.24758
E11N-HN     499.2 5.0e-01 -7.000e+02 2.7e+01 25.0  0.24650  0.00526  0.25154
E11N-HN     499.2 5.0e-01 -7.250e+02 2.7e+01 25.0  0.25990  0.00526  0.25432
E11N-HN     499.2 5.0e-01 -7.500e+02 2.7e+01 25.0  0.25470  0.00526  0.25632
E15N-HN     499.2 5.0e-01 1.200e+04 2.7e+01 25.0  1.00000  0.01382  1.00000
E15N-HN     499.2 5.0e-01 7.500e+02 2.7e+01 25.0  0.25250  0.01382  0.26368
E15N-HN     499.2 5.0e-01 7.250e+02 2.7e+01 25.0  0.25170  0.01382  0.26357
E15N-HN     499.2 5.0e-01 7.000e+02 2.7e+01 25.0  0.28170  0.01382  0.26345
E15N-HN     499.2 5.0e-01 6.750e+02 2.7e+01 25.0  0.24910  0.01382  0.26331
E15N-HN     499.2 5.0e-01 6.500e+02 2.7e+01 25.0  0.26630  0.01382  0.26315
E15N-HN     499.2 5.0e-01 6.250e+02 2.7e+01 25.0  0.25530  0.01382  0.26297
E15N-HN     499.2 5.0e-01 6.000e+02 2.7e+01 25.0  0.25860  0.01382  0.26276
E15N-HN     499.2 5.0e-01 5.750e+02 2.7e+01 25.0  0.28240  0.01382  0.26252
E15N-HN     499.2 5.0e-01 5.500e+02 2.7e+01 25.0  0.26340  0.01382  0.26224
E15N-HN     499.2 5.0e-01 5.250e+02 2.7e+01 25.0  0.26250  0.01382  0.26192
E15N-HN     499.2 5.0e-01 5.000e+02 2.7e+01 25.0  0.26960  0.01382  0.26154
E15N-HN     499.2 5.0e-01 4.750e+02 2.7e+01 25.0  0.27600  0.01382  0.26108
E15N-HN     499.2 5.0e-01 4.500e+02 2.7e+01 25.0  0.25340  0.01382  0.26053
E15N-HN     499.2 5.0e-01 4.250e+02 2.7e+01 25.0  0.25660  0.01382  0.25986
E15N-HN     499.2 5.0e-01 4.000e+02 2.7e+01 25.0  0.26030  0.01382  0.25903
E15N-HN     499.2 5.0e-01 3.750e+02 2.7e+01 25.0  0.24050  0.01382  0.25800
E15N-HN     499.2 5.0e-01 3.500e+02 2.7e+01 25.0  0.25650  0.01382  0.25668
E15N-HN     499.2 5.0e-01 3.250e+02 2.7e+01 25.0  0.25310  0.01382  0.25497
E15N-HN     499.2 5.0e-01 3.000e+02 2.7e+01 25.0  0.25610  0.01382  0.25271
E15N-HN     499.2 5.0e-01 2.750e+02 2.7e+01 25.0  0.25520  0.01382  0.24964
E15N-HN     499.2 5.0e-01 2.500e+02 2.7e+01 25.0  0.24940  0.01382  0.24533
E15N-HN     499.2 5.0e-01 2.250e+02 2.7e+01 25.0  0.26670  0.01382  0.23909
E15N-HN     499.2 5.0e-01 2.000e+02 2.7e+01 25.0  0.23010  0.01382  0.22967
E15N-HN     499.2 5.0e-01 1.750e+02 2.7e+01 25.0  0.21530  0.01382  0.21476
E15N-HN     499.2 5.0e-01 1.500e+02 2.7e+01 25.0  0.19560  0.01382  0.19006
E15N-HN     499.2 5.0e-01 1.250e+02 2.7e+01 25.0  0.13670  0.01382  0.14807
E15N-HN     499.2 5.0e-01 1.000e+02 2.7e+01 25.0  0.06360  0.01382  0.08255
E15N-HN     499.2 5.0e-01 7.500e+01 2.7e+01 25.0  0.01910  0.01382  0.01908
E15N-HN     499.2 5.0e-01 5.000e+01 2.7e+01 25.0 -0.00050  0.01382  0.00048
E15N-HN     499.2 5.0e-01 2.500e+01 2.7e+01 25.0  0.00200  0.01382  0.00250
E15N-HN     499.2 5.0e-01 -0.000e+00 2.7e+01 25.0  0.04270  0.01382  0.02369
E15N-HN     499.2 5.0e-01 -2.500e+01 2.7e+01 25.0  0.07760  0.01382  0.06056
E15N-HN     499.2 5.0e-01 -5.000e+01 2.7e+01 25.0  0.08690  0.01382  0.08848
E15N-HN     499.2 5.0e-01 -7.500e+01 2.7e+01 25.0  0.10410  0.01382  0.09924
E15N-HN     499.2 5.0e-01 -1.000e+02 2.7e+01 25.0  0.07940  0.01382  0.09165
E15N-HN     499.2 5.0e-01 -1.250e+02 2.7e+01 25.0  0.08800  0.01382  0.06500
E15N-HN     499.2 5.0e-01 -1.500e+02 2.7e+01 25.0  0.03160  0.01382  0.03155
E15N-HN     499.2 5.0e-01 -1.750e+02 2.7e+01 25.0  0.03540  0.01382  0.03263
E15N-HN     499.2 5.0e-01 -2.000e+02 2.7e+01 25.0  0.10610  0.01382  0.10077
E15N-HN     499.2 5.0e-01 -2.250e+02 2.7e+01 25.0  0.19200  0.01382  0.17799
E15N-HN     499.2 5.0e-01 -2.500e+02 2.7e+01 25.0  0.19780  0.01382  0.21964
E15N-HN     499.2 5.0e-01 -2.750e+02 2.7e+01 25.0  0.25590  0.01382  0.23897
E15N-HN     499.2 5.0e-01 -3.000e+02 2.7e+01 25.0  0.22260  0.01382  0.24853
E15N-HN     499.2 5.0e-01 -3.250e+02 2.7e+01 25.0  0.24320  0.01382  0.25371
E15N-HN     499.2 5.0e-01 -3.500e+02 2.7e+01 25.0  0.26440  0.01382  0.25676
E15N-HN     499.2 5.0e-01 -3.750e+02 2.7e+01 25.0  0.25580  0.01382  0.25869
E15N-HN     499.2 5.0e-01 -4.000e+02 2.7e+01 25.0  0.24860  0.01382  0.25999
E15N-HN     499.2 5.0e-01 -4.250e+02 2.7e+01 25.0  0.27230  0.01382  0.26090
E15N-HN     499.2 5.0e-01 -4.500e+02 2.7e+01 25.0  0.25270  0.01382  0.26156
E15N-HN     499.2 5.0e-01 -4.750e+02 2.7e+01 25.0  0.27040  0.01382  0.26206
E15N-HN     499.2 5.0e-01 -5.000e+02 2.7e+01 25.0  0.24990  0.01382  0.26246
E15N-HN     499.2 5.0e-01 -5.250e+02 2.7e+01 25.0  0.27970  0.01382  0.26277
E15N-HN     499.2 5.0e-01 -5.500e+02 2.7e+01 25.0  0.25530  0.01382  0.26302
E15N-HN     499.2 5.0e-01 -5.750e+02 2.7e+01 25.0  0.25760  0.01382  0.26323
E15N-HN     499.2 5.0e-01 -6.000e+02 2.7e+01 25.0  0.24310  0.01382  0.26340
E15N-HN     499.2 5.0e-01 -6.250e+02 2.7e+01 25.0  0.25920  0.01382  0.26355
E15N-HN     499.2 5.0e-01 -6.500e+02 2.7e+01 25.0  0.28130  0.01382  0.26368
E15N-HN     499.2 5.0e-01 -6.750e+02 2.7e+01 25.0  0.27760  0.01382  0.26379
E15N-HN     499.2 5.0e-01 -7.000e+02 2.7e+01 25.0  0.26100  0.01382  0.26389
E15N-HN     499.2 5.0e-01 -7.250e+02 2.7e+01 25.0  0.26400  0.01382  0.26398
E15N-HN     499.2 5.0e-01 -7.500e+02 2.7e+01 25.0  0.26380  0.01382  0.26405
E24N-HN     499.2 5.0e-01 1.200e+04 2.7e+01 25.0  1.00000  0.00274  1.00000
E24N-HN     499.2 5.0e-01 7.500e+02 2.7e+01 25.0  0.22630  0.00274  0.22760
E24N-HN     499.2 5.0e-01 7.250e+02 2.7e+01 25.0  0.22000  0.00274  0.22758
E24N-HN     499.2 5.0e-01 7.000e+02 2.7e+01 25.0  0.22390  0.00274  0.22756
E24N-HN     499.2 5.0e-01 6.750e+02 2.7e+01 25.0  0.22980  0.00274  0.22753
E24N-HN     499.2 5.0e-01 6.500e+02 2.7e+01 25.0  0.23460  0.00274  0.22751
E24N-HN     499.2 5.0e-01 6.250e+02 2.7e+01 25.0  0.23310  0.00274  0.22748
E24N-HN     499.2 5.0e-01 6.000e+02 2.7e+01 25.0  0.22550  0.00274  0.22745
E24N-HN     499.2 5.0e-01 5.750e+02 2.7e+01 25.0  0.23440  0.00274  0.22741
E24N-HN     499.2 5.0e-01 5.500e+02 2.7e+01 25.0  0.22960  0.00274  0.22737
E24N-HN     499.2 5.0e-01 5.250e+02 2.7e+01 25.0  0.22660  0.00274  0.22733
E24N-HN     499.2 5.0e-01 5.000e+02 2.7e+01 25.0  0.22310  0.00274  0.22728
E24N-HN     499.2 5.0e-01 4.750e+02 2.7e+01 25.0  0.22810  0.00274  0.22723
E24N-HN     499.2 5.0e-01 4.500e+02 2.7e+01 25.0  0.22560  0.00274  0.22717
E24N-HN     499.2 5.0e-01 4.250e+02 2.7e+01 25.0  0.23560  0.00274  0.22710
E24N-HN     499.2 5.0e-01 4.000e+02 2.7e+01 25.0  0.23530  0.00274  0.22702
E24N-HN     499.2 5.0e-01 3.750e+02 2.7e+01 25.0  0.23010  0.00274  0.22693
E24N-HN     499.2 5.0e-01 3.500e+02 2.7e+01 25.0  0.22390  0.00274  0.22683
E24N-HN     499.2 5.0e-01 3.250e+02 2.7e+01 25.0  0.22380  0.00274  0.22671
E24N-HN     499.2 5.0e-01 3.000e+02 2.7e+01 25.0  0.23050  0.00274  0.22656
E24N-HN     499.2 5.0e-01 2.750e+02 2.7e+01 25.0  0.22600  0.00274  0.22639
E24N-HN     499.2 5.0e-01 2.500e+02 2.7e+01 25.0  0.22150  0.00274  0.22617
E24N-HN     499.2 5.0e-01 2.250e+02 2.7e+01 25.0  0.22470  0.00274  0.22591
E24N-HN     499.2 5.0e-01 2.000e+02 2.7e+01 25.0  0.23340  0.00274  0.22557
E24N-HN     499.2 5.0e-01 1.750e+02 2.7e+01 25.0  0.22690  0.00274  0.22514
E24N-HN     499.2 5.0e-01 1.500e+02 2.7e+01 25.0  0.22310  0.00274  0.22456
E24N-HN     499.2 5.0e-01 1.250e+02 2.7e+01 25.0  0.22200  0.00274  0.22376
E24N-HN     499.2 5.0e-01 1.000e+02 2.7e+01 25.0  0.22160  0.00274  0.22260
E24N-HN     499.2 5.0e-01 7.500e+01 2.7e+01 25.0  0.22330  0.00274  0.22083
E24N-HN     499.2 5.0e-01 5.000e+01 2.7e+01 25.0  0.21660  0.00274  0.21797
E24N-HN     499.2 5.0e-01 2.500e+01 2.7e+01 25.0  0.21100  0.00274  0.21297
E24N-HN     499.2 5.0e-01 -0.000e+00 2.7e+01 25.0  0.20840  0.00274  0.20339
E24N-HN     499.2 5.0e-01 -2.500e+01 2.7e+01 25.0  0.17860  0.00274  0.18320
E24N-HN     499.2 5.0e-01 -5.000e+01 2.7e+01 25.0  0.14010  0.00274  0.13929
E24N-HN     499.2 5.0e-01 -7.500e+01 2.7e+01 25.0  0.06930  0.00274  0.06751
E24N-HN     499.2 5.0e-01 -1.000e+02 2.7e+01 25.0  0.01760  0.00274  0.02259
E24N-HN     499.2 5.0e-01 -1.250e+02 2.7e+01 25.0  0.03360  0.00274  0.02902
E24N-HN     499.2 5.0e-01 -1.500e+02 2.7e+01 25.0  0.04620  0.00274  0.04767
E24N-HN     499.2 5.0e-01 -1.750e+02 2.7e+01 25.0  0.05020  0.00274  0.05228
E24N-HN     499.2 5.0e-01 -2.000e+02 2.7e+01 25.0  0.03710  0.00274  0.03781
E24N-HN     499.2 5.0e-01 -2.250e+02 2.7e+01 25.0  0.01370  0.00274  0.01363
E24N-HN     499.2 5.0e-01 -2.500e+02 2.7e+01 25.0 -0.00030  0.00274  0.00124
E24N-HN     499.2 5.0e-01 -2.750e+02 2.7e+01 25.0  0.00030  0.00274  0.00366
E24N-HN     499.2 5.0e-01 -3.000e+02 2.7e+01 25.0  0.04480  0.00274  0.04292
E24N-HN     499.2 5.0e-01 -3.250e+02 2.7e+01 25.0  0.11270  0.00274  0.11017
E24N-HN     499.2 5.0e-01 -3.500e+02 2.7e+01 25.0  0.15870  0.00274  0.15777
E24N-HN     499.2 5.0e-01 -3.750e+02 2.7e+01 25.0  0.18090  0.00274  0.18415
E24N-HN     499.2 5.0e-01 -4.000e+02 2.7e+01 25.0  0.19660  0.00274  0.19887
E24N-HN     499.2 5.0e-01 -4.250e+02 2.7e+01 25.0  0.21010  0.00274  0.20755
E24N-HN     499.2 5.0e-01 -4.500e+02 2.7e+01 25.0  0.21860  0.00274  0.21300
E24N-HN     499.2 5.0e-01 -4.750e+02 2.7e+01 25.0  0.21810  0.00274  0.21659
E24N-HN     499.2 5.0e-01 -5.000e+02 2.7e+01 25.0  0.21020  0.00274  0.21906
E24N-HN     499.2 5.0e-01 -5.250e+02 2.7e+01 25.0  0.21460  0.00274  0.22083
E24N-HN     499.2 5.0e-01 -5.500e+02 2.7e+01 25.0  0.21830  0.00274  0.22212
E24N-HN     499.2 5.0e-01 -5.750e+02 2.7e+01 25.0  0.21980  0.00274  0.22310
E24N-HN     499.2 5.0e-01 -6.000e+02 2.7e+01 25.0  0.22170  0.00274  0.22386
E24N-HN     499.2 5.0e-01 -6.250e+02 2.7e+01 25.0  0.22730  0.00274  0.22446
E24N-HN     499.2 5.0e-01 -6.500e+02 2.7e+01 25.0  0.22400  0.00274  0.22493
E24N-HN     499.2 5.0e-01 -6.750e+02 2.7e+01 25.0  0.22190  0.00274  0.22532
E24N-HN     499.2 5.0e-01 -7.000e+02 2.7e+01 25.0  0.22510  0.00274  0.22564
E24N-HN     499.2 5.0e-01 -7.250e+02 2.7e+01 25.0  0.22710  0.00274  0.22590
E24N-HN     499.2 5.0e-01 -7.500e+02 2.7e+01 25.0  0.22260  0.00274  0.22612
E38N-HN     499.2 5.0e-01 1.200e+04 2.7e+01 25.0  1.00000  0.00610  1.00000
E38N-HN     499.2 5.0e-01 7.500e+02 2.7e+01 25.0  0.26360  0.00610  0.26364
E38N-HN     499.2 5.0e-01 7.250e+02 2.7e+01 25.0  0.24930  0.00610  0.26363
E38N-HN     499.2 5.0e-01 7.000e+02 2.7e+01 25.0  0.26600  0.00610  0.26361
E38N-HN     499.2 5.0e-01 6.750e+02 2.7e+01 25.0  0.25950  0.00610  0.26359
E38N-HN     499.2 5.0e-01 6.500e+02 2.7e+01 25.0  0.26670  0.00610  0.26357
E38N-HN     499.2 5.0e-01 6.250e+02 2.7e+01 25.0  0.26490  0.00610  0.26355
E38N-HN     499.2 5.0e-01 6.000e+02 2.7e+01 25.0  0.26120  0.00610  0.26353
E38N-HN     499.2 5.0e-01 5.750e+02 2.7e+01 25.0  0.26470  0.00610  0.26350
E38N-HN     499.2 5.0e-01 5.500e+02 2.7e+01 25.0  0.25850  0.00610  0.26347
E38N-HN     499.2 5.0e-01 5.250e+02 2.7e+01 25.0  0.25620  0.00610  0.26344
E38N-HN     499.2 5.0e-01 5.000e+02 2.7e+01 25.0  0.26630  0.00610  0.26340
E38N-HN     499.2 5.0e-01 4.750e+02 2.7e+01 25.0  0.25960  0.00610  0.26336
E38N-HN     499.2 5.0e-01 4.500e+02 2.7e+01 25.0  0.26260  0.00610  0.26332
E38N-HN     499.2 5.0e-01 4.250e+02 2.7e+01 25.0  0.26410  0.00610  0.26327
E38N-HN     499.2 5.0e-01 4.000e+02 2.7e+01 25.0  0.26290  0.00610  0.26321
E38N-HN     499.2 5.0e-01 3.750e+02 2.7e+01 25.0  0.27410  0.00610  0.26314
E38N-HN     499.2 5.0e-01 3.500e+02 2.7e+01 25.0  0.26390  0.00610  0.26307
E38N-HN     499.2 5.0e-01 3.250e+02 2.7e+01 25.0  0.26350  0.00610  0.26298
E38N-HN     499.2 5.0e-01 3.000e+02 2.7e+01 25.0  0.26490  0.00610  0.26288
E38N-HN     499.2 5.0e-01 2.750e+02 2.7e+01 25.0  0.26460  0.00610  0.26276
E38N-HN     499.2 5.0e-01 2.500e+02 2.7e+01 25.0  0.26200  0.00610  0.26261
E38N-HN     499.2 5.0e-01 2.250e+02 2.7e+01 25.0  0.25800  0.00610  0.26244
E38N-HN     499.2 5.0e-01 2.000e+02 2.7e+01 25.0  0.26800  0.00610  0.26222
E38N-HN     499.2 5.0e-01 1.750e+02 2.7e+01 25.0  0.25870  0.00610  0.26194
E38N-HN     499.2 5.0e-01 1.500e+02 2.7e+01 25.0  0.26680  0.00610  0.26159
E38N-HN     499.2 5.0e-01 1.250e+02 2.7e+01 25.0  0.26270  0.00610  0.26112
E38N-HN     499.2 5.0e-01 1.000e+02 2.7e+01 25.0  0.24870  0.00610  0.26047
E38N-HN     499.2 5.0e-01 7.500e+01 2.7e+01 25.0  0.25710  0.00610  0.25956
E38N-HN     499.2 5.0e-01 5.000e+01 2.7e+01 25.0  0.25870  0.00610  0.25820
E38N-HN     499.2 5.0e-01 2.500e+01 2.7e+01 25.0  0.25910  0.00610  0.25610
E38N-HN     499.2 5.0e-01 -0.000e+00 2.7e+01 25.0  0.26150  0.00610  0.25256
E38N-HN     499.2 5.0e-01 -2.500e+01 2.7e+01 25.0  0.25040  0.00610  0.24619
E38N-HN     499.2 5.0e-01 -5.000e+01 2.7e+01 25.0  0.23650  0.00610  0.23352
E38N-HN     499.2 5.0e-01 -7.500e+01 2.7e+01 25.0  0.20090  0.00610  0.20609
E38N-HN     499.2 5.0e-01 -1.000e+02 2.7e+01 25.0  0.14250  0.00610  0.14702
E38N-HN     499.2 5.0e-01 -1.250e+02 2.7e+01 25.0  0.06650  0.00610  0.06261
E38N-HN     499.2 5.0e-01 -1.500e+02 2.7e+01 25.0  0.01810  0.00610  0.02439
E38N-HN     499.2 5.0e-01 -1.750e+02 2.7e+01 25.0  0.03410  0.00610  0.03786
E38N-HN     499.2 5.0e-01 -2.000e+02 2.7e+01 25.0  0.05690  0.00610  0.05593
E38N-HN     499.2 5.0e-01 -2.250e+02 2.7e+01 25.0  0.05150  0.00610  0.05440
E38N-HN     499.2 5.0e-01 -2.500e+02 2.7e+01 25.0  0.02540  0.00610  0.03176
E38N-HN     499.2 5.0e-01 -2.750e+02 2.7e+01 25.0  0.00300  0.00610  0.00650
E38N-HN     499.2 5.0e-01 -3.000e+02 2.7e+01 25.0  0.00290  0.00610  0.00078
E38N-HN     499.2 5.0e-01 -3.250e+02 2.7e+01 25.0  0.01930  0.00610  0.02578
E38N-HN     499.2 5.0e-01 -3.500e+02 2.7e+01 25.0  0.10380  0.00610  0.10390
E38N-HN     499.2 5.0e-01 -3.750e+02 2.7e+01 25.0  0.17790  0.00610  0.17249
E38N-HN     499.2 5.0e-01 -4.000e+02 2.7e+01 25.0  0.20730  0.00610  0.21019
E38N-HN     499.2 5.0e-01 -4.250e+02 2.7e+01 25.0  0.23940  0.00610  0.23005
E38N-HN     499.2 5.0e-01 -4.500e+02 2.7e+01 25.0  0.23670  0.00610  0.24112
E38N-HN     499.2 5.0e-01 -4.750e+02 2.7e+01 25.0  0.25170  0.00610  0.24776
E38N-HN     499.2 5.0e-01 -5.000e+02 2.7e+01 25.0  0.24780  0.00610  0.25197
E38N-HN     499.2 5.0e-01 -5.250e+02 2.7e+01 25.0  0.25100  0.00610  0.25476
E38N-HN     499.2 5.0e-01 -5.500e+02 2.7e+01 25.0  0.25640  0.00610  0.25672
E38N-HN     499.2 5.0e-01 -5.750e+02 2.7e+01 25.0  0.26280  0.00610  0.25812
E38N-HN     499.2 5.0e-01 -6.000e+02 2.7e+01 25.0  0.25790  0.00610  0.25916
E38N-HN     499.2 5.0e-01 -6.250e+02 2.7e+01 25.0  0.26570  0.00610  0.25995
E38N-HN     499.2 5.0e-01 -6.500e+02 2.7e+01 25.0  0.25520  0.00610  0.26056
E38N-HN     499.2 5.0e-01 -6.750e+02 2.7e+01 25.0  0.26530  0.00610  0.26104
E38N-HN     499.2 5.0e-01 -7.000e+02 2.7e+01 25.0  0.26310  0.00610  0.26143
E38N-HN     499.2 5.0e-01 -7.250e+02 2.7e+01 25.0  0.26000  0.00610  0.26175
E38N-HN     499.2 5.0e-01 -7.500e+02 2.7e+01 25.0  0.26280  0.00610  0.26200
E5N-HN      499.2 5.0e-01 1.200e+04 2.7e+01 25.0  1.00000  0.00628  1.00000
E5N-HN      499.2 5.0e-01 7.500e+02 2.7e+01 25.0  0.24500  0.00628  0.25349
E5N-HN      499.2 5.0e-01 7.250e+02 2.7e+01 25.0  0.24760  0.00628  0.25343
E5N-HN      499.2 5.0e-01 7.000e+02 2.7e+01 25.0  0.25560  0.00628  0.25336
E5N-HN      499.2 5.0e-01 6.750e+02 2.7e+01 25.0  0.24570  0.00628  0.25328
E5N-HN      499.2 5.0e-01 6.500e+02 2.7e+01 25.0  0.25500  0.00628  0.25320
E5N-HN      499.2 5.0e-01 6.250e+02 2.7e+01 25.0  0.25820  0.00628  0.25310
E5N-HN      499.2 5.0e-01 6.000e+02 2.7e+01 25.0  0.26010  0.00628  0.25299
E5N-HN      499.2 5.0e-01 5.750e+02 2.7e+01 25.0  0.24750  0.00628  0.25287
E5N-HN      499.2 5.0e-01 5.500e+02 2.7e+01 25.0  0.25260  0.00628  0.25273
E5N-HN      499.2 5.0e-01 5.250e+02 2.7e+01 25.0  0.25890  0.00628  0.25257
E5N-HN      499.2 5.0e-01 5.000e+02 2.7e+01 25.0  0.24490  0.00628  0.25239
E5N-HN      499.2 5.0e-01 4.750e+02 2.7e+01 25.0  0.25630  0.00628  0.25217
E5N-HN      499.2 5.0e-01 4.500e+02 2.7e+01 25.0  0.25290  0.00628  0.25192
E5N-HN      499.2 5.0e-01 4.250e+02 2.7e+01 25.0  0.25410  0.00628  0.25161
E5N-HN      499.2 5.0e-01 4.000e+02 2.7e+01 25.0  0.25200  0.00628  0.25125
E5N-HN      499.2 5.0e-01 3.750e+02 2.7e+01 25.0  0.24770  0.00628  0.25081
E5N-HN      499.2 5.0e-01 3.500e+02 2.7e+01 25.0  0.24510  0.00628  0.25027
E5N-HN      499.2 5.0e-01 3.250e+02 2.7e+01 25.0  0.25230  0.00628  0.24960
E5N-HN      499.2 5.0e-01 3.000e+02 2.7e+01 25.0  0.24250  0.00628  0.24875
E5N-HN      499.2 5.0e-01 2.750e+02 2.7e+01 25.0  0.24890  0.00628  0.24764
E5N-HN      499.2 5.0e-01 2.500e+02 2.7e+01 25.0  0.25240  0.00628  0.24619
E5N-HN      499.2 5.0e-01 2.250e+02 2.7e+01 25.0  0.24180  0.00628  0.24420
E5N-HN      499.2 5.0e-01 2.000e+02 2.7e+01 25.0  0.24270  0.00628  0.24142
E5N-HN      499.2 5.0e-01 1.750e+02 2.7e+01 25.0  0.23810  0.00628  0.23738
E5N-HN      499.2 5.0e-01 1.500e+02 2.7e+01 25.0  0.22920  0.00628  0.23119
E5N-HN      499.2 5.0e-01 1.250e+02 2.7e+01 25.0  0.21970  0.00628  0.22126
E5N-HN      499.2 5.0e-01 1.000e+02 2.7e+01 25.0  0.21020  0.00628  0.20424
E5N-HN      499.2 5.0e-01 7.500e+01 2.7e+01 25.0  0.17340  0.00628  0.17330
E5N-HN      499.2 5.0e-01 5.000e+01 2.7e+01 25.0  0.11710  0.00628  0.11709
E5N-HN      499.2 5.0e-01 2.500e+01 2.7e+01 25.0  0.04100  0.00628  0.04086
E5N-HN      499.2 5.0e-01 -0.000e+00 2.7e+01 25.0  0.00120  0.00628  0.00259
E5N-HN      499.2 5.0e-01 -2.500e+01 2.7e+01 25.0  0.00540  0.00628  0.00254
E5N-HN      499.2 5.0e-01 -5.000e+01 2.7e+01 25.0  0.01420  0.00628  0.01929
E5N-HN      499.2 5.0e-01 -7.500e+01 2.7e+01 25.0  0.03850  0.00628  0.04422
E5N-HN      499.2 5.0e-01 -1.000e+02 2.7e+01 25.0  0.06090  0.00628  0.05409
E5N-HN      499.2 5.0e-01 -1.250e+02 2.7e+01 25.0  0.04040  0.00628  0.04392
E5N-HN      499.2 5.0e-01 -1.500e+02 2.7e+01 25.0  0.02530  0.00628  0.02732
E5N-HN      499.2 5.0e-01 -1.750e+02 2.7e+01 25.0  0.03150  0.00628  0.03790
E5N-HN      499.2 5.0e-01 -2.000e+02 2.7e+01 25.0  0.10120  0.00628  0.09893
E5N-HN      499.2 5.0e-01 -2.250e+02 2.7e+01 25.0  0.16880  0.00628  0.16589
E5N-HN      499.2 5.0e-01 -2.500e+02 2.7e+01 25.0  0.20220  0.00628  0.20498
E5N-HN      499.2 5.0e-01 -2.750e+02 2.7e+01 25.0  0.21950  0.00628  0.22463
E5N-HN      499.2 5.0e-01 -3.000e+02 2.7e+01 25.0  0.23920  0.00628  0.23492
E5N-HN      499.2 5.0e-01 -3.250e+02 2.7e+01 25.0  0.23100  0.00628  0.24075
E5N-HN      499.2 5.0e-01 -3.500e+02 2.7e+01 25.0  0.24640  0.00628  0.24431
E5N-HN      499.2 5.0e-01 -3.750e+02 2.7e+01 25.0  0.24620  0.00628  0.24661
E5N-HN      499.2 5.0e-01 -4.000e+02 2.7e+01 25.0  0.24750  0.00628  0.24819
E5N-HN      499.2 5.0e-01 -4.250e+02 2.7e+01 25.0  0.24510  0.00628  0.24931
E5N-HN      499.2 5.0e-01 -4.500e+02 2.7e+01 25.0  0.24940  0.00628  0.25015
E5N-HN      499.2 5.0e-01 -4.750e+02 2.7e+01 25.0  0.25800  0.00628  0.25078
E5N-HN      499.2 5.0e-01 -5.000e+02 2.7e+01 25.0  0.25270  0.00628  0.25128
E5N-HN      499.2 5.0e-01 -5.250e+02 2.7e+01 25.0  0.25000  0.00628  0.25167
E5N-HN      499.2 5.0e-01 -5.500e+02 2.7e+01 25.0  0.25620  0.00628  0.25199
E5N-HN      499.2 5.0e-01 -5.750e+02 2.7e+01 25.0  0.24880  0.00628  0.25225
E5N-HN      499.2 5.0e-01 -6.000e+02 2.7e+01 25.0  0.25060  0.00628  0.25247
E5N-HN      499.2 5.0e-01 -6.250e+02 2.7e+01 25.0  0.25930  0.00628  0.25266
E5N-HN      499.2 5.0e-01 -6.500e+02 2.7e+01 25.0  0.24640  0.00628  0.25282
E5N-HN      499.2 5.0e-01 -6.750e+02 2.7e+01 25.0  0.25750  0.00628  0.25295
E5N-HN      499.2 5.0e-01 -7.000e+02 2.7e+01 25.0  0.25280  0.00628  0.25307
E5N-HN      499.2 5.0e-01 -7.250e+02 2.7e+01 25.0  0.26470  0.00628  0.25317
E5N-HN      499.2 5.0e-01 -7.500e+02 2.7e+01 25.0  0.25350  0.00628  0.25326
S41N-HN     499.2 5.0e-01 1.200e+04 2.7e+01 25.0  1.00000  0.00505  1.00000
S41N-HN     499.2 5.0e-01 7.500e+02 2.7e+01 25.0  0.24400  0.00505  0.22809
S41N-HN     499.2 5.0e-01 7.250e+02 2.7e+01 25.0  0.21600  0.00505  0.22805
S41N-HN     499.2 5.0e-01 7.000e+02 2.7e+01 25.0  0.21660  0.00505  0.22800
S41N-HN     499.2 5.0e-01 6.750e+02 2.7e+01 25.0  0.22710  0.00505  0.22795
S41N-HN     499.2 5.0e-01 6.500e+02 2.7e+01 25.0  0.23650  0.00505  0.22789
S41N-HN     499.2 5.0e-01 6.250e+02 2.7e+01 25.0  0.23090  0.00505  0.22781
S41N-HN     499.2 5.0e-01 6.000e+02 2.7e+01 25.0  0.23300  0.00505  0.22773
S41N-HN     499.2 5.0e-01 5.750e+02 2.7e+01 25.0  0.22780  0.00505  0.22764
S41N-HN     499.2 5.0e-01 5.500e+02 2.7e+01 25.0  0.22500  0.00505  0.22752
S41N-HN     499.2 5.0e-01 5.250e+02 2.7e+01 25.0  0.22840  0.00505  0.22739
S41N-HN     499.2 5.0e-01 5.000e+02 2.7e+01 25.0  0.22290  0.00505  0.22723
S41N-HN     499.2 5.0e-01 4.750e+02 2.7e+01 25.0  0.22630  0.00505  0.22703
S41N-HN     499.2 5.0e-01 4.500e+02 2.7e+01 25.0  0.23730  0.00505  0.22678
S41N-HN     499.2 5.0e-01 4.250e+02 2.7e+01 25.0  0.22890  0.00505  0.22646
S41N-HN     499.2 5.0e-01 4.000e+02 2.7e+01 25.0  0.22240  0.00505  0.22605
S41N-HN     499.2 5.0e-01 3.750e+02 2.7e+01 25.0  0.22860  0.00505  0.22549
S41N-HN     499.2 5.0e-01 3.500e+02 2.7e+01 25.0  0.22880  0.00505  0.22472
S41N-HN     499.2 5.0e-01 3.250e+02 2.7e+01 25.0  0.21590  0.00505  0.22360
S41N-HN     499.2 5.0e-01 3.000e+02 2.7e+01 25.0  0.22570  0.00505  0.22192
S41N-HN     499.2 5.0e-01 2.750e+02 2.7e+01 25.0  0.22050  0.00505  0.21921
S41N-HN     499.2 5.0e-01 2.500e+02 2.7e+01 25.0  0.21100  0.00505  0.21460
S41N-HN     499.2 5.0e-01 2.250e+02 2.7e+01 25.0  0.20070  0.00505  0.20604
S41N-HN     499.2 5.0e-01 2.000e+02 2.7e+01 25.0  0.18880  0.00505  0.18876
S41N-HN     499.2 5.0e-01 1.750e+02 2.7e+01 25.0  0.14830  0.00505  0.15200
S41N-HN     499.2 5.0e-01 1.500e+02 2.7e+01 25.0  0.09590  0.00505  0.08570
S41N-HN     499.2 5.0e-01 1.250e+02 2.7e+01 25.0  0.04210  0.00505  0.02874
S41N-HN     499.2 5.0e-01 1.000e+02 2.7e+01 25.0  0.04170  0.00505  0.02780
S41N-HN     499.2 5.0e-01 7.500e+01 2.7e+01 25.0  0.06200  0.00505  0.05560
S41N-HN     499.2 5.0e-01 5.000e+01 2.7e+01 25.0  0.08200  0.00505  0.07799
S41N-HN     499.2 5.0e-01 2.500e+01 2.7e+01 25.0  0.08760  0.00505  0.08410
S41N-HN     499.2 5.0e-01 -0.000e+00 2.7e+01 25.0  0.08440  0.00505  0.07381
S41N-HN     499.2 5.0e-01 -2.500e+01 2.7e+01 25.0  0.06310  0.00505  0.04791
S41N-HN     499.2 5.0e-01 -5.000e+01 2.7e+01 25.0  0.01260  0.00505  0.01607
S41N-HN     499.2 5.0e-01 -7.500e+01 2.7e+01 25.0  0.00580  0.00505  0.00144
S41N-HN     499.2 5.0e-01 -1.000e+02 2.7e+01 25.0  0.00110  0.00505  0.00337
S41N-HN     499.2 5.0e-01 -1.250e+02 2.7e+01 25.0  0.03070  0.00505  0.04152
S41N-HN     499.2 5.0e-01 -1.500e+02 2.7e+01 25.0  0.10720  0.00505  0.10762
S41N-HN     499.2 5.0e-01 -1.750e+02 2.7e+01 25.0  0.15670  0.00505  0.15555
S41N-HN     499.2 5.0e-01 -2.000e+02 2.7e+01 25.0  0.17920  0.00505  0.18265
S41N-HN     499.2 5.0e-01 -2.250e+02 2.7e+01 25.0  0.19220  0.00505  0.19798
S41N-HN     499.2 5.0e-01 -2.500e+02 2.7e+01 25.0  0.20470  0.00505  0.20711
S41N-HN     499.2 5.0e-01 -2.750e+02 2.7e+01 25.0  0.21580  0.00505  0.21286
S41N-HN     499.2 5.0e-01 -3.000e+02 2.7e+01 25.0  0.21430  0.00505  0.21666
S41N-HN     499.2 5.0e-01 -3.250e+02 2.7e+01 25.0  0.21420  0.00505  0.21929
S41N-HN     499.2 5.0e-01 -3.500e+02 2.7e+01 25.0  0.22440  0.00505  0.22116
S41N-HN     499.2 5.0e-01 -3.750e+02 2.7e+01 25.0  0.21470  0.00505  0.22254
S41N-HN     499.2 5.0e-01 -4.000e+02 2.7e+01 25.0  0.23140  0.00505  0.22358
S41N-HN     499.2 5.0e-01 -4.250e+02 2.7e+01 25.0  0.22850  0.00505  0.22438
S41N-HN     499.2 5.0e-01 -4.500e+02 2.7e+01 25.0  0.22200  0.00505  0.22501
S41N-HN     499.2 5.0e-01 -4.750e+02 2.7e+01 25.0  0.22550  0.00505  0.22551
S41N-HN     499.2 5.0e-01 -5.000e+02 2.7e+01 25.0  0.22620  0.00505  0.22592
S41N-HN     499.2 5.0e-01 -5.250e+02 2.7e+01 25.0  0.22520  0.00505  0.22625
S41N-HN     499.2 5.0e-01 -5.500e+02 2.7e+01 25.0  0.23130  0.00505  0.22653
S41N-HN     499.2 5.0e-01 -5.750e+02 2.7e+01 25.0  0.22020  0.00505  0.22677
S41N-HN     499.2 5.0e-01 -6.000e+02 2.7e+01 25.0  0.23260  0.00505  0.22697
S41N-HN     499.2 5.0e-01 -6.250e+02 2.7e+01 25.0  0.22590  0.00505  0.22713
S41N-HN     499.2 5.0e-01 -6.500e+02 2.7e+01 25.0  0.22910  0.00505  0.22728
S41N-HN     499.2 5.0e-01 -6.750e+02 2.7e+01 25.0  0.22350  0.00505  0.22740
S41N-HN     499.2 5.0e-01 -7.000e+02 2.7e+01 25.0  0.21540  0.00505  0.22751
S41N-HN     499.2 5.0e-01 -7.250e+02 2.7e+01 25.0  0.22990  0.00505  0.22761
S41N-HN     499.2 5.0e-01 -7.500e+02 2.7e+01 25.0  0.22620  0.00505  0.22770
