L07CD2-HD2  598.8 3.0e-01 -1.500e+04 3.1e+01  5.0  0.98554  0.00288  0.99138
L07CD2-HD2  598.8 3.0e-01 -1.500e+04 3.1e+01  5.0  1.00000  0.00288  0.99138
L07CD2-HD2  598.8 3.0e-01 -1.700e+03 3.1e+01  5.0  0.63082  0.00288  0.62958
L07CD2-HD2  598.8 3.0e-01 -1.670e+03 3.1e+01  5.0  0.62788  0.00288  0.62956
L07CD2-HD2  598.8 3.0e-01 -1.640e+03 3.1e+01  5.0  0.62364  0.00288  0.62954
L07CD2-HD2  598.8 3.0e-01 -1.610e+03 3.1e+01  5.0  0.63349  0.00288  0.62953
L07CD2-HD2  598.8 3.0e-01 -1.580e+03 3.1e+01  5.0  0.62603  0.00288  0.62951
L07CD2-HD2  598.8 3.0e-01 -1.550e+03 3.1e+01  5.0  0.62572  0.00288  0.62949
L07CD2-HD2  598.8 3.0e-01 -1.520e+03 3.1e+01  5.0  0.62775  0.00288  0.62947
L07CD2-HD2  598.8 3.0e-01 -1.490e+03 3.1e+01  5.0  0.62897  0.00288  0.62945
L07CD2-HD2  598.8 3.0e-01 -1.460e+03 3.1e+01  5.0  0.62875  0.00288  0.62943
L07CD2-HD2  598.8 3.0e-01 -1.430e+03 3.1e+01  5.0  0.62443  0.00288  0.62940
L07CD2-HD2  598.8 3.0e-01 -1.400e+03 3.1e+01  5.0  0.62868  0.00288  0.62938
L07CD2-HD2  598.8 3.0e-01 -1.370e+03 3.1e+01  5.0  0.63099  0.00288  0.62935
L07CD2-HD2  598.8 3.0e-01 -1.340e+03 3.1e+01  5.0  0.62566  0.00288  0.62933
L07CD2-HD2  598.8 3.0e-01 -1.310e+03 3.1e+01  5.0  0.62589  0.00288  0.62930
L07CD2-HD2  598.8 3.0e-01 -1.280e+03 3.1e+01  5.0  0.62369  0.00288  0.62927
L07CD2-HD2  598.8 3.0e-01 -1.280e+03 3.1e+01  5.0  0.62440  0.00288  0.62927
L07CD2-HD2  598.8 3.0e-01 -1.250e+03 3.1e+01  5.0  0.62634  0.00288  0.62924
L07CD2-HD2  598.8 3.0e-01 -1.250e+03 3.1e+01  5.0  0.62894  0.00288  0.62924
L07CD2-HD2  598.8 3.0e-01 -1.220e+03 3.1e+01  5.0  0.62533  0.00288  0.62921
L07CD2-HD2  598.8 3.0e-01 -1.220e+03 3.1e+01  5.0  0.62538  0.00288  0.62921
L07CD2-HD2  598.8 3.0e-01 -1.190e+03 3.1e+01  5.0  0.63126  0.00288  0.62917
L07CD2-HD2  598.8 3.0e-01 -1.160e+03 3.1e+01  5.0  0.63173  0.00288  0.62914
L07CD2-HD2  598.8 3.0e-01 -1.130e+03 3.1e+01  5.0  0.62897  0.00288  0.62910
L07CD2-HD2  598.8 3.0e-01 -1.100e+03 3.1e+01  5.0  0.62600  0.00288  0.62906
L07CD2-HD2  598.8 3.0e-01 -1.070e+03 3.1e+01  5.0  0.62820  0.00288  0.62902
L07CD2-HD2  598.8 3.0e-01 -1.040e+03 3.1e+01  5.0  0.63112  0.00288  0.62897
L07CD2-HD2  598.8 3.0e-01 -1.010e+03 3.1e+01  5.0  0.62669  0.00288  0.62892
L07CD2-HD2  598.8 3.0e-01 -9.800e+02 3.1e+01  5.0  0.62866  0.00288  0.62887
L07CD2-HD2  598.8 3.0e-01 -9.500e+02 3.1e+01  5.0  0.62434  0.00288  0.62882
L07CD2-HD2  598.8 3.0e-01 -9.200e+02 3.1e+01  5.0  0.62884  0.00288  0.62876
L07CD2-HD2  598.8 3.0e-01 -8.900e+02 3.1e+01  5.0  0.62689  0.00288  0.62870
L07CD2-HD2  598.8 3.0e-01 -8.600e+02 3.1e+01  5.0  0.63225  0.00288  0.62863
L07CD2-HD2  598.8 3.0e-01 -8.300e+02 3.1e+01  5.0  0.63165  0.00288  0.62856
L07CD2-HD2  598.8 3.0e-01 -8.000e+02 3.1e+01  5.0  0.63067  0.00288  0.62849
L07CD2-HD2  598.8 3.0e-01 -7.700e+02 3.1e+01  5.0  0.62789  0.00288  0.62841
L07CD2-HD2  598.8 3.0e-01 -7.400e+02 3.1e+01  5.0  0.62834  0.00288  0.62832
L07CD2-HD2  598.8 3.0e-01 -7.100e+02 3.1e+01  5.0  0.62866  0.00288  0.62823
L07CD2-HD2  598.8 3.0e-01 -6.800e+02 3.1e+01  5.0  0.62858  0.00288  0.62813
L07CD2-HD2  598.8 3.0e-01 -6.500e+02 3.1e+01  5.0  0.63011  0.00288  0.62803
L07CD2-HD2  598.8 3.0e-01 -6.200e+02 3.1e+01  5.0  0.63466  0.00288  0.62791
L07CD2-HD2  598.8 3.0e-01 -5.900e+02 3.1e+01  5.0  0.63454  0.00288  0.62778
L07CD2-HD2  598.8 3.0e-01 -5.600e+02 3.1e+01  5.0  0.62878  0.00288  0.62765
L07CD2-HD2  598.8 3.0e-01 -5.300e+02 3.1e+01  5.0  0.62966  0.00288  0.62750
L07CD2-HD2  598.8 3.0e-01 -5.000e+02 3.1e+01  5.0  0.62628  0.00288  0.62733
L07CD2-HD2  598.8 3.0e-01 -4.700e+02 3.1e+01  5.0  0.63038  0.00288  0.62716
L07CD2-HD2  598.8 3.0e-01 -4.400e+02 3.1e+01  5.0  0.62396  0.00288  0.62696
L07CD2-HD2  598.8 3.0e-01 -4.100e+02 3.1e+01  5.0  0.63525  0.00288  0.62674
L07CD2-HD2  598.8 3.0e-01 -3.800e+02 3.1e+01  5.0  0.63034  0.00288  0.62651
L07CD2-HD2  598.8 3.0e-01 -3.500e+02 3.1e+01  5.0  0.62551  0.00288  0.62624
L07CD2-HD2  598.8 3.0e-01 -3.200e+02 3.1e+01  5.0  0.62805  0.00288  0.62595
L07CD2-HD2  598.8 3.0e-01 -2.900e+02 3.1e+01  5.0  0.62692  0.00288  0.62562
L07CD2-HD2  598.8 3.0e-01 -2.600e+02 3.1e+01  5.0  0.62653  0.00288  0.62525
L07CD2-HD2  598.8 3.0e-01 -2.300e+02 3.1e+01  5.0  0.62246  0.00288  0.62484
L07CD2-HD2  598.8 3.0e-01 -2.000e+02 3.1e+01  5.0  0.62026  0.00288  0.62437
L07CD2-HD2  598.8 3.0e-01 -1.700e+02 3.1e+01  5.0  0.62306  0.00288  0.62383
L07CD2-HD2  598.8 3.0e-01 -1.400e+02 3.1e+01  5.0  0.62002  0.00288  0.62322
L07CD2-HD2  598.8 3.0e-01 -1.100e+02 3.1e+01  5.0  0.62064  0.00288  0.62251
L07CD2-HD2  598.8 3.0e-01 -8.000e+01 3.1e+01  5.0  0.62134  0.00288  0.62169
L07CD2-HD2  598.8 3.0e-01 -5.000e+01 3.1e+01  5.0  0.62137  0.00288  0.62072
L07CD2-HD2  598.8 3.0e-01 -2.000e+01 3.1e+01  5.0  0.61554  0.00288  0.61959
L07CD2-HD2  598.8 3.0e-01 1.000e+01 3.1e+01  5.0  0.61643  0.00288  0.61823
L07CD2-HD2  598.8 3.0e-01 4.000e+01 3.1e+01  5.0  0.62097  0.00288  0.61660
L07CD2-HD2  598.8 3.0e-01 7.000e+01 3.1e+01  5.0  0.61685  0.00288  0.61460
L07CD2-HD2  598.8 3.0e-01 1.000e+02 3.1e+01  5.0  0.61542  0.00288  0.61213
L07CD2-HD2  598.8 3.0e-01 1.300e+02 3.1e+01  5.0  0.61233  0.00288  0.60902
L07CD2-HD2  598.8 3.0e-01 1.600e+02 3.1e+01  5.0  0.60428  0.00288  0.60504
L07CD2-HD2  598.8 3.0e-01 1.900e+02 3.1e+01  5.0  0.59877  0.00288  0.59982
L07CD2-HD2  598.8 3.0e-01 2.200e+02 3.1e+01  5.0  0.59722  0.00288  0.59282
L07CD2-HD2  598.8 3.0e-01 2.500e+02 3.1e+01  5.0  0.58519  0.00288  0.58314
L07CD2-HD2  598.8 3.0e-01 2.800e+02 3.1e+01  5.0  0.56656  0.00288  0.56930
L07CD2-HD2  598.8 3.0e-01 3.100e+02 3.1e+01  5.0  0.54624  0.00288  0.54870
L07CD2-HD2  598.8 3.0e-01 3.400e+02 3.1e+01  5.0  0.51837  0.00288  0.51649
L07CD2-HD2  598.8 3.0e-01 3.700e+02 3.1e+01  5.0  0.46123  0.00288  0.46266
L07CD2-HD2  598.8 3.0e-01 4.000e+02 3.1e+01  5.0  0.36674  0.00288  0.36703
L07CD2-HD2  598.8 3.0e-01 4.300e+02 3.1e+01  5.0  0.21659  0.00288  0.20421
L07CD2-HD2  598.8 3.0e-01 4.600e+02 3.1e+01  5.0  0.04642  0.00288  0.02853
L07CD2-HD2  598.8 3.0e-01 4.900e+02 3.1e+01  5.0 -0.00236  0.00288  0.00012
L07CD2-HD2  598.8 3.0e-01 5.200e+02 3.1e+01  5.0  0.06868  0.00288  0.05477
L07CD2-HD2  598.8 3.0e-01 5.500e+02 3.1e+01  5.0  0.21867  0.00288  0.22043
L07CD2-HD2  598.8 3.0e-01 5.800e+02 3.1e+01  5.0  0.34151  0.00288  0.34598
L07CD2-HD2  598.8 3.0e-01 6.100e+02 3.1e+01  5.0  0.40380  0.00288  0.40964
L07CD2-HD2  598.8 3.0e-01 6.400e+02 3.1e+01  5.0  0.42928  0.00288  0.42747
L07CD2-HD2  598.8 3.0e-01 6.700e+02 3.1e+01  5.0  0.40079  0.00288  0.39788
L07CD2-HD2  598.8 3.0e-01 7.000e+02 3.1e+01  5.0  0.33795  0.00288  0.33023
L07CD2-HD2  598.8 3.0e-01 7.300e+02 3.1e+01  5.0  0.37891  0.00288  0.37453
L07CD2-HD2  598.8 3.0e-01 7.600e+02 3.1e+01  5.0  0.49159  0.00288  0.49255
L07CD2-HD2  598.8 3.0e-01 7.900e+02 3.1e+01  5.0  0.55224  0.00288  0.55315
L07CD2-HD2  598.8 3.0e-01 8.200e+02 3.1e+01  5.0  0.58012  0.00288  0.58061
L07CD2-HD2  598.8 3.0e-01 8.500e+02 3.1e+01  5.0  0.59526  0.00288  0.59479
L07CD2-HD2  598.8 3.0e-01 8.800e+02 3.1e+01  5.0  0.60269  0.00288  0.60313
L07CD2-HD2  598.8 3.0e-01 9.100e+02 3.1e+01  5.0  0.61094  0.00288  0.60854
L07CD2-HD2  598.8 3.0e-01 9.400e+02 3.1e+01  5.0  0.61346  0.00288  0.61231
L07CD2-HD2  598.8 3.0e-01 9.700e+02 3.1e+01  5.0  0.61237  0.00288  0.61508
L07CD2-HD2  598.8 3.0e-01 1.000e+03 3.1e+01  5.0  0.61366  0.00288  0.61720
L07CD2-HD2  598.8 3.0e-01 1.030e+03 3.1e+01  5.0  0.62356  0.00288  0.61887
L07CD2-HD2  598.8 3.0e-01 1.060e+03 3.1e+01  5.0  0.61236  0.00288  0.62021
L07CD2-HD2  598.8 3.0e-01 1.090e+03 3.1e+01  5.0  0.61886  0.00288  0.62132
L07CD2-HD2  598.8 3.0e-01 1.120e+03 3.1e+01  5.0  0.62646  0.00288  0.62224
L07CD2-HD2  598.8 3.0e-01 1.150e+03 3.1e+01  5.0  0.62370  0.00288  0.62302
L07CD2-HD2  598.8 3.0e-01 1.180e+03 3.1e+01  5.0  0.62998  0.00288  0.62368
L07CD2-HD2  598.8 3.0e-01 1.210e+03 3.1e+01  5.0  0.62553  0.00288  0.62425
L07CD2-HD2  598.8 3.0e-01 1.240e+03 3.1e+01  5.0  0.62551  0.00288  0.62475
L07CD2-HD2  598.8 3.0e-01 1.270e+03 3.1e+01  5.0  0.62106  0.00288  0.62519
L18CD2-HD2  598.8 3.0e-01 -1.500e+04 3.1e+01  5.0  0.99847  0.00219  0.99822
L18CD2-HD2  598.8 3.0e-01 -1.500e+04 3.1e+01  5.0  1.00000  0.00219  0.99822
L18CD2-HD2  598.8 3.0e-01 -1.700e+03 3.1e+01  5.0  0.51912  0.00219  0.52074
L18CD2-HD2  598.8 3.0e-01 -1.670e+03 3.1e+01  5.0  0.51933  0.00219  0.52073
L18CD2-HD2  598.8 3.0e-01 -1.640e+03 3.1e+01  5.0  0.51722  0.00219  0.52072
L18CD2-HD2  598.8 3.0e-01 -1.610e+03 3.1e+01  5.0  0.51595  0.00219  0.52071
L18CD2-HD2  598.8 3.0e-01 -1.580e+03 3.1e+01  5.0  0.51582  0.00219  0.52070
L18CD2-HD2  598.8 3.0e-01 -1.550e+03 3.1e+01  5.0  0.51077  0.00219  0.52069
L18CD2-HD2  598.8 3.0e-01 -1.520e+03 3.1e+01  5.0  0.51360  0.00219  0.52068
L18CD2-HD2  598.8 3.0e-01 -1.490e+03 3.1e+01  5.0  0.51639  0.00219  0.52067
L18CD2-HD2  598.8 3.0e-01 -1.460e+03 3.1e+01  5.0  0.52206  0.00219  0.52066
L18CD2-HD2  598.8 3.0e-01 -1.430e+03 3.1e+01  5.0  0.52110  0.00219  0.52064
L18CD2-HD2  598.8 3.0e-01 -1.400e+03 3.1e+01  5.0  0.51670  0.00219  0.52063
L18CD2-HD2  598.8 3.0e-01 -1.370e+03 3.1e+01  5.0  0.52049  0.00219  0.52062
L18CD2-HD2  598.8 3.0e-01 -1.340e+03 3.1e+01  5.0  0.52305  0.00219  0.52060
L18CD2-HD2  598.8 3.0e-01 -1.310e+03 3.1e+01  5.0  0.52398  0.00219  0.52059
L18CD2-HD2  598.8 3.0e-01 -1.280e+03 3.1e+01  5.0  0.52046  0.00219  0.52057
L18CD2-HD2  598.8 3.0e-01 -1.280e+03 3.1e+01  5.0  0.52092  0.00219  0.52057
L18CD2-HD2  598.8 3.0e-01 -1.250e+03 3.1e+01  5.0  0.51485  0.00219  0.52056
L18CD2-HD2  598.8 3.0e-01 -1.250e+03 3.1e+01  5.0  0.51533  0.00219  0.52056
L18CD2-HD2  598.8 3.0e-01 -1.220e+03 3.1e+01  5.0  0.51909  0.00219  0.52054
L18CD2-HD2  598.8 3.0e-01 -1.220e+03 3.1e+01  5.0  0.52031  0.00219  0.52054
L18CD2-HD2  598.8 3.0e-01 -1.190e+03 3.1e+01  5.0  0.52377  0.00219  0.52052
L18CD2-HD2  598.8 3.0e-01 -1.160e+03 3.1e+01  5.0  0.51958  0.00219  0.52051
L18CD2-HD2  598.8 3.0e-01 -1.130e+03 3.1e+01  5.0  0.52468  0.00219  0.52049
L18CD2-HD2  598.8 3.0e-01 -1.100e+03 3.1e+01  5.0  0.51966  0.00219  0.52047
L18CD2-HD2  598.8 3.0e-01 -1.070e+03 3.1e+01  5.0  0.52320  0.00219  0.52045
L18CD2-HD2  598.8 3.0e-01 -1.040e+03 3.1e+01  5.0  0.52163  0.00219  0.52043
L18CD2-HD2  598.8 3.0e-01 -1.010e+03 3.1e+01  5.0  0.51715  0.00219  0.52040
L18CD2-HD2  598.8 3.0e-01 -9.800e+02 3.1e+01  5.0  0.52018  0.00219  0.52038
L18CD2-HD2  598.8 3.0e-01 -9.500e+02 3.1e+01  5.0  0.52142  0.00219  0.52035
L18CD2-HD2  598.8 3.0e-01 -9.200e+02 3.1e+01  5.0  0.51832  0.00219  0.52033
L18CD2-HD2  598.8 3.0e-01 -8.900e+02 3.1e+01  5.0  0.52421  0.00219  0.52030
L18CD2-HD2  598.8 3.0e-01 -8.600e+02 3.1e+01  5.0  0.52039  0.00219  0.52027
L18CD2-HD2  598.8 3.0e-01 -8.300e+02 3.1e+01  5.0  0.51937  0.00219  0.52024
L18CD2-HD2  598.8 3.0e-01 -8.000e+02 3.1e+01  5.0  0.52255  0.00219  0.52021
L18CD2-HD2  598.8 3.0e-01 -7.700e+02 3.1e+01  5.0  0.52216  0.00219  0.52018
L18CD2-HD2  598.8 3.0e-01 -7.400e+02 3.1e+01  5.0  0.51732  0.00219  0.52014
L18CD2-HD2  598.8 3.0e-01 -7.100e+02 3.1e+01  5.0  0.52162  0.00219  0.52010
L18CD2-HD2  598.8 3.0e-01 -6.800e+02 3.1e+01  5.0  0.52447  0.00219  0.52006
L18CD2-HD2  598.8 3.0e-01 -6.500e+02 3.1e+01  5.0  0.52653  0.00219  0.52002
L18CD2-HD2  598.8 3.0e-01 -6.200e+02 3.1e+01  5.0  0.51824  0.00219  0.51998
L18CD2-HD2  598.8 3.0e-01 -5.900e+02 3.1e+01  5.0  0.52097  0.00219  0.51993
L18CD2-HD2  598.8 3.0e-01 -5.600e+02 3.1e+01  5.0  0.51766  0.00219  0.51988
L18CD2-HD2  598.8 3.0e-01 -5.300e+02 3.1e+01  5.0  0.51242  0.00219  0.51983
L18CD2-HD2  598.8 3.0e-01 -5.000e+02 3.1e+01  5.0  0.51773  0.00219  0.51977
L18CD2-HD2  598.8 3.0e-01 -4.700e+02 3.1e+01  5.0  0.52294  0.00219  0.51971
L18CD2-HD2  598.8 3.0e-01 -4.400e+02 3.1e+01  5.0  0.51788  0.00219  0.51965
L18CD2-HD2  598.8 3.0e-01 -4.100e+02 3.1e+01  5.0  0.51835  0.00219  0.51958
L18CD2-HD2  598.8 3.0e-01 -3.800e+02 3.1e+01  5.0  0.52370  0.00219  0.51950
L18CD2-HD2  598.8 3.0e-01 -3.500e+02 3.1e+01  5.0  0.52097  0.00219  0.51942
L18CD2-HD2  598.8 3.0e-01 -3.200e+02 3.1e+01  5.0  0.52001  0.00219  0.51934
L18CD2-HD2  598.8 3.0e-01 -2.900e+02 3.1e+01  5.0  0.51829  0.00219  0.51925
L18CD2-HD2  598.8 3.0e-01 -2.600e+02 3.1e+01  5.0  0.51665  0.00219  0.51915
L18CD2-HD2  598.8 3.0e-01 -2.300e+02 3.1e+01  5.0  0.52079  0.00219  0.51904
L18CD2-HD2  598.8 3.0e-01 -2.000e+02 3.1e+01  5.0  0.52139  0.00219  0.51892
L18CD2-HD2  598.8 3.0e-01 -1.700e+02 3.1e+01  5.0  0.51786  0.00219  0.51880
L18CD2-HD2  598.8 3.0e-01 -1.400e+02 3.1e+01  5.0  0.52124  0.00219  0.51866
L18CD2-HD2  598.8 3.0e-01 -1.100e+02 3.1e+01  5.0  0.52196  0.00219  0.51851
L18CD2-HD2  598.8 3.0e-01 -8.000e+01 3.1e+01  5.0  0.51626  0.00219  0.51835
L18CD2-HD2  598.8 3.0e-01 -5.000e+01 3.1e+01  5.0  0.52024  0.00219  0.51817
L18CD2-HD2  598.8 3.0e-01 -2.000e+01 3.1e+01  5.0  0.51709  0.00219  0.51797
L18CD2-HD2  598.8 3.0e-01 1.000e+01 3.1e+01  5.0  0.52237  0.00219  0.51775
L18CD2-HD2  598.8 3.0e-01 4.000e+01 3.1e+01  5.0  0.51869  0.00219  0.51750
L18CD2-HD2  598.8 3.0e-01 7.000e+01 3.1e+01  5.0  0.52086  0.00219  0.51723
L18CD2-HD2  598.8 3.0e-01 1.000e+02 3.1e+01  5.0  0.52060  0.00219  0.51693
L18CD2-HD2  598.8 3.0e-01 1.300e+02 3.1e+01  5.0  0.51592  0.00219  0.51658
L18CD2-HD2  598.8 3.0e-01 1.600e+02 3.1e+01  5.0  0.51264  0.00219  0.51620
L18CD2-HD2  598.8 3.0e-01 1.900e+02 3.1e+01  5.0  0.51422  0.00219  0.51576
L18CD2-HD2  598.8 3.0e-01 2.200e+02 3.1e+01  5.0  0.51521  0.00219  0.51525
L18CD2-HD2  598.8 3.0e-01 2.500e+02 3.1e+01  5.0  0.51562  0.00219  0.51466
L18CD2-HD2  598.8 3.0e-01 2.800e+02 3.1e+01  5.0  0.51297  0.00219  0.51398
L18CD2-HD2  598.8 3.0e-01 3.100e+02 3.1e+01  5.0  0.51287  0.00219  0.51318
L18CD2-HD2  598.8 3.0e-01 3.400e+02 3.1e+01  5.0  0.51372  0.00219  0.51221
L18CD2-HD2  598.8 3.0e-01 3.700e+02 3.1e+01  5.0  0.51035  0.00219  0.51104
L18CD2-HD2  598.8 3.0e-01 4.000e+02 3.1e+01  5.0  0.50946  0.00219  0.50958
L18CD2-HD2  598.8 3.0e-01 4.300e+02 3.1e+01  5.0  0.50875  0.00219  0.50772
L18CD2-HD2  598.8 3.0e-01 4.600e+02 3.1e+01  5.0  0.50755  0.00219  0.50527
L18CD2-HD2  598.8 3.0e-01 4.900e+02 3.1e+01  5.0  0.49957  0.00219  0.50186
L18CD2-HD2  598.8 3.0e-01 5.200e+02 3.1e+01  5.0  0.49164  0.00219  0.49679
L18CD2-HD2  598.8 3.0e-01 5.500e+02 3.1e+01  5.0  0.49018  0.00219  0.48847
L18CD2-HD2  598.8 3.0e-01 5.800e+02 3.1e+01  5.0  0.47360  0.00219  0.47278
L18CD2-HD2  598.8 3.0e-01 6.100e+02 3.1e+01  5.0  0.43685  0.00219  0.43740
L18CD2-HD2  598.8 3.0e-01 6.400e+02 3.1e+01  5.0  0.34821  0.00219  0.35039
L18CD2-HD2  598.8 3.0e-01 6.700e+02 3.1e+01  5.0  0.26361  0.00219  0.26498
L18CD2-HD2  598.8 3.0e-01 7.000e+02 3.1e+01  5.0  0.33111  0.00219  0.32610
L18CD2-HD2  598.8 3.0e-01 7.300e+02 3.1e+01  5.0  0.36467  0.00219  0.36881
L18CD2-HD2  598.8 3.0e-01 7.600e+02 3.1e+01  5.0  0.37232  0.00219  0.37131
L18CD2-HD2  598.8 3.0e-01 7.900e+02 3.1e+01  5.0  0.33096  0.00219  0.34559
L18CD2-HD2  598.8 3.0e-01 8.200e+02 3.1e+01  5.0  0.27922  0.00219  0.28877
L18CD2-HD2  598.8 3.0e-01 8.500e+02 3.1e+01  5.0  0.18480  0.00219  0.18809
L18CD2-HD2  598.8 3.0e-01 8.800e+02 3.1e+01  5.0  0.05838  0.00219  0.05554
L18CD2-HD2  598.8 3.0e-01 9.100e+02 3.1e+01  5.0  0.00086  0.00219  0.00064
L18CD2-HD2  598.8 3.0e-01 9.400e+02 3.1e+01  5.0  0.00699  0.00219  0.00392
L18CD2-HD2  598.8 3.0e-01 9.700e+02 3.1e+01  5.0  0.09958  0.00219  0.09685
L18CD2-HD2  598.8 3.0e-01 1.000e+03 3.1e+01  5.0  0.25057  0.00219  0.24253
L18CD2-HD2  598.8 3.0e-01 1.030e+03 3.1e+01  5.0  0.34770  0.00219  0.34128
L18CD2-HD2  598.8 3.0e-01 1.060e+03 3.1e+01  5.0  0.40685  0.00219  0.39942
L18CD2-HD2  598.8 3.0e-01 1.090e+03 3.1e+01  5.0  0.43752  0.00219  0.43462
L18CD2-HD2  598.8 3.0e-01 1.120e+03 3.1e+01  5.0  0.46075  0.00219  0.45698
L18CD2-HD2  598.8 3.0e-01 1.150e+03 3.1e+01  5.0  0.47673  0.00219  0.47186
L18CD2-HD2  598.8 3.0e-01 1.180e+03 3.1e+01  5.0  0.48151  0.00219  0.48218
L18CD2-HD2  598.8 3.0e-01 1.210e+03 3.1e+01  5.0  0.49574  0.00219  0.48961
L18CD2-HD2  598.8 3.0e-01 1.240e+03 3.1e+01  5.0  0.49839  0.00219  0.49512
L18CD2-HD2  598.8 3.0e-01 1.270e+03 3.1e+01  5.0  0.49899  0.00219  0.49932
I28CD1-HD1  598.8 3.0e-01 -1.500e+04 3.1e+01  5.0  0.99308  0.00489  1.00600
I28CD1-HD1  598.8 3.0e-01 -1.500e+04 3.1e+01  5.0  1.00000  0.00489  1.00600
I28CD1-HD1  598.8 3.0e-01 -1.700e+03 3.1e+01  5.0  0.61926  0.00489  0.62993
I28CD1-HD1  598.8 3.0e-01 -1.670e+03 3.1e+01  5.0  0.62234  0.00489  0.62681
I28CD1-HD1  598.8 3.0e-01 -1.640e+03 3.1e+01  5.0  0.61698  0.00489  0.62296
I28CD1-HD1  598.8 3.0e-01 -1.610e+03 3.1e+01  5.0  0.60987  0.00489  0.61812
I28CD1-HD1  598.8 3.0e-01 -1.580e+03 3.1e+01  5.0  0.60320  0.00489  0.61196
I28CD1-HD1  598.8 3.0e-01 -1.550e+03 3.1e+01  5.0  0.59173  0.00489  0.60392
I28CD1-HD1  598.8 3.0e-01 -1.520e+03 3.1e+01  5.0  0.58611  0.00489  0.59320
I28CD1-HD1  598.8 3.0e-01 -1.490e+03 3.1e+01  5.0  0.54958  0.00489  0.57848
I28CD1-HD1  598.8 3.0e-01 -1.460e+03 3.1e+01  5.0  0.54883  0.00489  0.55763
I28CD1-HD1  598.8 3.0e-01 -1.430e+03 3.1e+01  5.0  0.52508  0.00489  0.52692
I28CD1-HD1  598.8 3.0e-01 -1.400e+03 3.1e+01  5.0  0.48276  0.00489  0.47975
I28CD1-HD1  598.8 3.0e-01 -1.370e+03 3.1e+01  5.0  0.40778  0.00489  0.40440
I28CD1-HD1  598.8 3.0e-01 -1.340e+03 3.1e+01  5.0  0.30117  0.00489  0.28322
I28CD1-HD1  598.8 3.0e-01 -1.310e+03 3.1e+01  5.0  0.13983  0.00489  0.11434
I28CD1-HD1  598.8 3.0e-01 -1.280e+03 3.1e+01  5.0  0.00823  0.00489  0.00585
I28CD1-HD1  598.8 3.0e-01 -1.280e+03 3.1e+01  5.0  0.01467  0.00489  0.00585
I28CD1-HD1  598.8 3.0e-01 -1.250e+03 3.1e+01  5.0 -0.00213  0.00489  0.00005
I28CD1-HD1  598.8 3.0e-01 -1.250e+03 3.1e+01  5.0  0.00028  0.00489  0.00005
I28CD1-HD1  598.8 3.0e-01 -1.220e+03 3.1e+01  5.0  0.03408  0.00489  0.02780
I28CD1-HD1  598.8 3.0e-01 -1.220e+03 3.1e+01  5.0  0.03701  0.00489  0.02780
I28CD1-HD1  598.8 3.0e-01 -1.190e+03 3.1e+01  5.0  0.17213  0.00489  0.17006
I28CD1-HD1  598.8 3.0e-01 -1.160e+03 3.1e+01  5.0  0.31427  0.00489  0.31489
I28CD1-HD1  598.8 3.0e-01 -1.130e+03 3.1e+01  5.0  0.39621  0.00489  0.41022
I28CD1-HD1  598.8 3.0e-01 -1.100e+03 3.1e+01  5.0  0.45509  0.00489  0.46770
I28CD1-HD1  598.8 3.0e-01 -1.070e+03 3.1e+01  5.0  0.48568  0.00489  0.50101
I28CD1-HD1  598.8 3.0e-01 -1.040e+03 3.1e+01  5.0  0.51074  0.00489  0.51752
I28CD1-HD1  598.8 3.0e-01 -1.010e+03 3.1e+01  5.0  0.52231  0.00489  0.51925
I28CD1-HD1  598.8 3.0e-01 -9.800e+02 3.1e+01  5.0  0.49662  0.00489  0.50283
I28CD1-HD1  598.8 3.0e-01 -9.500e+02 3.1e+01  5.0  0.44799  0.00489  0.45811
I28CD1-HD1  598.8 3.0e-01 -9.200e+02 3.1e+01  5.0  0.38879  0.00489  0.38229
I28CD1-HD1  598.8 3.0e-01 -8.900e+02 3.1e+01  5.0  0.35856  0.00489  0.36171
I28CD1-HD1  598.8 3.0e-01 -8.600e+02 3.1e+01  5.0  0.46115  0.00489  0.45506
I28CD1-HD1  598.8 3.0e-01 -8.300e+02 3.1e+01  5.0  0.54434  0.00489  0.53620
I28CD1-HD1  598.8 3.0e-01 -8.000e+02 3.1e+01  5.0  0.58660  0.00489  0.57901
I28CD1-HD1  598.8 3.0e-01 -7.700e+02 3.1e+01  5.0  0.60354  0.00489  0.60149
I28CD1-HD1  598.8 3.0e-01 -7.400e+02 3.1e+01  5.0  0.61673  0.00489  0.61436
I28CD1-HD1  598.8 3.0e-01 -7.100e+02 3.1e+01  5.0  0.63030  0.00489  0.62241
I28CD1-HD1  598.8 3.0e-01 -6.800e+02 3.1e+01  5.0  0.63068  0.00489  0.62782
I28CD1-HD1  598.8 3.0e-01 -6.500e+02 3.1e+01  5.0  0.64048  0.00489  0.63166
I28CD1-HD1  598.8 3.0e-01 -6.200e+02 3.1e+01  5.0  0.63300  0.00489  0.63451
I28CD1-HD1  598.8 3.0e-01 -5.900e+02 3.1e+01  5.0  0.64310  0.00489  0.63672
I28CD1-HD1  598.8 3.0e-01 -5.600e+02 3.1e+01  5.0  0.63834  0.00489  0.63846
I28CD1-HD1  598.8 3.0e-01 -5.300e+02 3.1e+01  5.0  0.63018  0.00489  0.63988
I28CD1-HD1  598.8 3.0e-01 -5.000e+02 3.1e+01  5.0  0.64809  0.00489  0.64105
I28CD1-HD1  598.8 3.0e-01 -4.700e+02 3.1e+01  5.0  0.64053  0.00489  0.64203
I28CD1-HD1  598.8 3.0e-01 -4.400e+02 3.1e+01  5.0  0.64707  0.00489  0.64287
I28CD1-HD1  598.8 3.0e-01 -4.100e+02 3.1e+01  5.0  0.64334  0.00489  0.64358
I28CD1-HD1  598.8 3.0e-01 -3.800e+02 3.1e+01  5.0  0.64264  0.00489  0.64421
I28CD1-HD1  598.8 3.0e-01 -3.500e+02 3.1e+01  5.0  0.64406  0.00489  0.64476
I28CD1-HD1  598.8 3.0e-01 -3.200e+02 3.1e+01  5.0  0.64958  0.00489  0.64524
I28CD1-HD1  598.8 3.0e-01 -2.900e+02 3.1e+01  5.0  0.64757  0.00489  0.64567
I28CD1-HD1  598.8 3.0e-01 -2.600e+02 3.1e+01  5.0  0.64799  0.00489  0.64605
I28CD1-HD1  598.8 3.0e-01 -2.300e+02 3.1e+01  5.0  0.64032  0.00489  0.64639
I28CD1-HD1  598.8 3.0e-01 -2.000e+02 3.1e+01  5.0  0.65799  0.00489  0.64670
I28CD1-HD1  598.8 3.0e-01 -1.700e+02 3.1e+01  5.0  0.65861  0.00489  0.64698
I28CD1-HD1  598.8 3.0e-01 -1.400e+02 3.1e+01  5.0  0.64562  0.00489  0.64723
I28CD1-HD1  598.8 3.0e-01 -1.100e+02 3.1e+01  5.0  0.65035  0.00489  0.64746
I28CD1-HD1  598.8 3.0e-01 -8.000e+01 3.1e+01  5.0  0.65348  0.00489  0.64768
I28CD1-HD1  598.8 3.0e-01 -5.000e+01 3.1e+01  5.0  0.65371  0.00489  0.64787
I28CD1-HD1  598.8 3.0e-01 -2.000e+01 3.1e+01  5.0  0.64811  0.00489  0.64805
I28CD1-HD1  598.8 3.0e-01 1.000e+01 3.1e+01  5.0  0.65017  0.00489  0.64821
I28CD1-HD1  598.8 3.0e-01 4.000e+01 3.1e+01  5.0  0.64939  0.00489  0.64837
I28CD1-HD1  598.8 3.0e-01 7.000e+01 3.1e+01  5.0  0.63541  0.00489  0.64851
I28CD1-HD1  598.8 3.0e-01 1.000e+02 3.1e+01  5.0  0.64553  0.00489  0.64864
I28CD1-HD1  598.8 3.0e-01 1.300e+02 3.1e+01  5.0  0.64053  0.00489  0.64876
I28CD1-HD1  598.8 3.0e-01 1.600e+02 3.1e+01  5.0  0.65451  0.00489  0.64887
I28CD1-HD1  598.8 3.0e-01 1.900e+02 3.1e+01  5.0  0.64524  0.00489  0.64898
I28CD1-HD1  598.8 3.0e-01 2.200e+02 3.1e+01  5.0  0.63731  0.00489  0.64908
I28CD1-HD1  598.8 3.0e-01 2.500e+02 3.1e+01  5.0  0.66019  0.00489  0.64917
I28CD1-HD1  598.8 3.0e-01 2.800e+02 3.1e+01  5.0  0.65238  0.00489  0.64926
I28CD1-HD1  598.8 3.0e-01 3.100e+02 3.1e+01  5.0  0.64389  0.00489  0.64934
I28CD1-HD1  598.8 3.0e-01 3.400e+02 3.1e+01  5.0  0.65241  0.00489  0.64942
I28CD1-HD1  598.8 3.0e-01 3.700e+02 3.1e+01  5.0  0.64973  0.00489  0.64949
I28CD1-HD1  598.8 3.0e-01 4.000e+02 3.1e+01  5.0  0.64547  0.00489  0.64956
I28CD1-HD1  598.8 3.0e-01 4.300e+02 3.1e+01  5.0  0.65708  0.00489  0.64962
I28CD1-HD1  598.8 3.0e-01 4.600e+02 3.1e+01  5.0  0.65744  0.00489  0.64968
I28CD1-HD1  598.8 3.0e-01 4.900e+02 3.1e+01  5.0  0.65070  0.00489  0.64974
I28CD1-HD1  598.8 3.0e-01 5.200e+02 3.1e+01  5.0  0.65799  0.00489  0.64980
I28CD1-HD1  598.8 3.0e-01 5.500e+02 3.1e+01  5.0  0.65508  0.00489  0.64985
I28CD1-HD1  598.8 3.0e-01 5.800e+02 3.1e+01  5.0  0.65808  0.00489  0.64990
I28CD1-HD1  598.8 3.0e-01 6.100e+02 3.1e+01  5.0  0.65940  0.00489  0.64994
I28CD1-HD1  598.8 3.0e-01 6.400e+02 3.1e+01  5.0  0.66334  0.00489  0.64999
I28CD1-HD1  598.8 3.0e-01 6.700e+02 3.1e+01  5.0  0.65799  0.00489  0.65003
I28CD1-HD1  598.8 3.0e-01 7.000e+02 3.1e+01  5.0  0.65073  0.00489  0.65007
I28CD1-HD1  598.8 3.0e-01 7.300e+02 3.1e+01  5.0  0.65285  0.00489  0.65011
I28CD1-HD1  598.8 3.0e-01 7.600e+02 3.1e+01  5.0  0.65053  0.00489  0.65015
I28CD1-HD1  598.8 3.0e-01 7.900e+02 3.1e+01  5.0  0.66167  0.00489  0.65018
I28CD1-HD1  598.8 3.0e-01 8.200e+02 3.1e+01  5.0  0.64242  0.00489  0.65022
I28CD1-HD1  598.8 3.0e-01 8.500e+02 3.1e+01  5.0  0.66327  0.00489  0.65025
I28CD1-HD1  598.8 3.0e-01 8.800e+02 3.1e+01  5.0  0.66104  0.00489  0.65028
I28CD1-HD1  598.8 3.0e-01 9.100e+02 3.1e+01  5.0  0.64698  0.00489  0.65031
I28CD1-HD1  598.8 3.0e-01 9.400e+02 3.1e+01  5.0  0.65432  0.00489  0.65033
I28CD1-HD1  598.8 3.0e-01 9.700e+02 3.1e+01  5.0  0.65675  0.00489  0.65036
I28CD1-HD1  598.8 3.0e-01 1.000e+03 3.1e+01  5.0  0.64183  0.00489  0.65039
I28CD1-HD1  598.8 3.0e-01 1.030e+03 3.1e+01  5.0  0.64708  0.00489  0.65041
I28CD1-HD1  598.8 3.0e-01 1.060e+03 3.1e+01  5.0  0.64379  0.00489  0.65044
I28CD1-HD1  598.8 3.0e-01 1.090e+03 3.1e+01  5.0  0.64911  0.00489  0.65046
I28CD1-HD1  598.8 3.0e-01 1.120e+03 3.1e+01  5.0  0.65869  0.00489  0.65048
I28CD1-HD1  598.8 3.0e-01 1.150e+03 3.1e+01  5.0  0.63902  0.00489  0.65050
I28CD1-HD1  598.8 3.0e-01 1.180e+03 3.1e+01  5.0  0.64577  0.00489  0.65052
I28CD1-HD1  598.8 3.0e-01 1.210e+03 3.1e+01  5.0  0.64156  0.00489  0.65054
I28CD1-HD1  598.8 3.0e-01 1.240e+03 3.1e+01  5.0  0.66171  0.00489  0.65056
I28CD1-HD1  598.8 3.0e-01 1.270e+03 3.1e+01  5.0  0.65529  0.00489  0.65058
L29CD1-HD1  598.8 3.0e-01 -1.500e+04 3.1e+01  5.0  0.99894  0.00267  0.99942
L29CD1-HD1  598.8 3.0e-01 -1.500e+04 3.1e+01  5.0  1.00000  0.00267  0.99942
L29CD1-HD1  598.8 3.0e-01 -1.700e+03 3.1e+01  5.0  0.47334  0.00267  0.47560
L29CD1-HD1  598.8 3.0e-01 -1.670e+03 3.1e+01  5.0  0.47214  0.00267  0.47559
L29CD1-HD1  598.8 3.0e-01 -1.640e+03 3.1e+01  5.0  0.47442  0.00267  0.47559
L29CD1-HD1  598.8 3.0e-01 -1.610e+03 3.1e+01  5.0  0.46886  0.00267  0.47558
L29CD1-HD1  598.8 3.0e-01 -1.580e+03 3.1e+01  5.0  0.47397  0.00267  0.47557
L29CD1-HD1  598.8 3.0e-01 -1.550e+03 3.1e+01  5.0  0.47345  0.00267  0.47557
L29CD1-HD1  598.8 3.0e-01 -1.520e+03 3.1e+01  5.0  0.47124  0.00267  0.47556
L29CD1-HD1  598.8 3.0e-01 -1.490e+03 3.1e+01  5.0  0.47351  0.00267  0.47555
L29CD1-HD1  598.8 3.0e-01 -1.460e+03 3.1e+01  5.0  0.47124  0.00267  0.47555
L29CD1-HD1  598.8 3.0e-01 -1.430e+03 3.1e+01  5.0  0.46812  0.00267  0.47554
L29CD1-HD1  598.8 3.0e-01 -1.400e+03 3.1e+01  5.0  0.47396  0.00267  0.47553
L29CD1-HD1  598.8 3.0e-01 -1.370e+03 3.1e+01  5.0  0.47203  0.00267  0.47552
L29CD1-HD1  598.8 3.0e-01 -1.340e+03 3.1e+01  5.0  0.47274  0.00267  0.47551
L29CD1-HD1  598.8 3.0e-01 -1.310e+03 3.1e+01  5.0  0.47276  0.00267  0.47550
L29CD1-HD1  598.8 3.0e-01 -1.280e+03 3.1e+01  5.0  0.47273  0.00267  0.47549
L29CD1-HD1  598.8 3.0e-01 -1.280e+03 3.1e+01  5.0  0.47418  0.00267  0.47549
L29CD1-HD1  598.8 3.0e-01 -1.250e+03 3.1e+01  5.0  0.47118  0.00267  0.47548
L29CD1-HD1  598.8 3.0e-01 -1.250e+03 3.1e+01  5.0  0.47647  0.00267  0.47548
L29CD1-HD1  598.8 3.0e-01 -1.220e+03 3.1e+01  5.0  0.47070  0.00267  0.47547
L29CD1-HD1  598.8 3.0e-01 -1.220e+03 3.1e+01  5.0  0.47568  0.00267  0.47547
L29CD1-HD1  598.8 3.0e-01 -1.190e+03 3.1e+01  5.0  0.47214  0.00267  0.47546
L29CD1-HD1  598.8 3.0e-01 -1.160e+03 3.1e+01  5.0  0.47714  0.00267  0.47545
L29CD1-HD1  598.8 3.0e-01 -1.130e+03 3.1e+01  5.0  0.47743  0.00267  0.47544
L29CD1-HD1  598.8 3.0e-01 -1.100e+03 3.1e+01  5.0  0.47660  0.00267  0.47543
L29CD1-HD1  598.8 3.0e-01 -1.070e+03 3.1e+01  5.0  0.47530  0.00267  0.47541
L29CD1-HD1  598.8 3.0e-01 -1.040e+03 3.1e+01  5.0  0.47994  0.00267  0.47540
L29CD1-HD1  598.8 3.0e-01 -1.010e+03 3.1e+01  5.0  0.47707  0.00267  0.47539
L29CD1-HD1  598.8 3.0e-01 -9.800e+02 3.1e+01  5.0  0.48123  0.00267  0.47537
L29CD1-HD1  598.8 3.0e-01 -9.500e+02 3.1e+01  5.0  0.47685  0.00267  0.47536
L29CD1-HD1  598.8 3.0e-01 -9.200e+02 3.1e+01  5.0  0.47129  0.00267  0.47534
L29CD1-HD1  598.8 3.0e-01 -8.900e+02 3.1e+01  5.0  0.47665  0.00267  0.47533
L29CD1-HD1  598.8 3.0e-01 -8.600e+02 3.1e+01  5.0  0.47795  0.00267  0.47531
L29CD1-HD1  598.8 3.0e-01 -8.300e+02 3.1e+01  5.0  0.47877  0.00267  0.47529
L29CD1-HD1  598.8 3.0e-01 -8.000e+02 3.1e+01  5.0  0.47184  0.00267  0.47527
L29CD1-HD1  598.8 3.0e-01 -7.700e+02 3.1e+01  5.0  0.47827  0.00267  0.47525
L29CD1-HD1  598.8 3.0e-01 -7.400e+02 3.1e+01  5.0  0.47372  0.00267  0.47523
L29CD1-HD1  598.8 3.0e-01 -7.100e+02 3.1e+01  5.0  0.47527  0.00267  0.47521
L29CD1-HD1  598.8 3.0e-01 -6.800e+02 3.1e+01  5.0  0.48062  0.00267  0.47519
L29CD1-HD1  598.8 3.0e-01 -6.500e+02 3.1e+01  5.0  0.48058  0.00267  0.47516
L29CD1-HD1  598.8 3.0e-01 -6.200e+02 3.1e+01  5.0  0.47067  0.00267  0.47514
L29CD1-HD1  598.8 3.0e-01 -5.900e+02 3.1e+01  5.0  0.47512  0.00267  0.47511
L29CD1-HD1  598.8 3.0e-01 -5.600e+02 3.1e+01  5.0  0.47142  0.00267  0.47508
L29CD1-HD1  598.8 3.0e-01 -5.300e+02 3.1e+01  5.0  0.47334  0.00267  0.47505
L29CD1-HD1  598.8 3.0e-01 -5.000e+02 3.1e+01  5.0  0.47266  0.00267  0.47502
L29CD1-HD1  598.8 3.0e-01 -4.700e+02 3.1e+01  5.0  0.47104  0.00267  0.47498
L29CD1-HD1  598.8 3.0e-01 -4.400e+02 3.1e+01  5.0  0.46919  0.00267  0.47495
L29CD1-HD1  598.8 3.0e-01 -4.100e+02 3.1e+01  5.0  0.48048  0.00267  0.47491
L29CD1-HD1  598.8 3.0e-01 -3.800e+02 3.1e+01  5.0  0.47514  0.00267  0.47487
L29CD1-HD1  598.8 3.0e-01 -3.500e+02 3.1e+01  5.0  0.47423  0.00267  0.47482
L29CD1-HD1  598.8 3.0e-01 -3.200e+02 3.1e+01  5.0  0.47563  0.00267  0.47478
L29CD1-HD1  598.8 3.0e-01 -2.900e+02 3.1e+01  5.0  0.47660  0.00267  0.47473
L29CD1-HD1  598.8 3.0e-01 -2.600e+02 3.1e+01  5.0  0.47492  0.00267  0.47468
L29CD1-HD1  598.8 3.0e-01 -2.300e+02 3.1e+01  5.0  0.47531  0.00267  0.47462
L29CD1-HD1  598.8 3.0e-01 -2.000e+02 3.1e+01  5.0  0.47836  0.00267  0.47456
L29CD1-HD1  598.8 3.0e-01 -1.700e+02 3.1e+01  5.0  0.47036  0.00267  0.47449
L29CD1-HD1  598.8 3.0e-01 -1.400e+02 3.1e+01  5.0  0.47618  0.00267  0.47442
L29CD1-HD1  598.8 3.0e-01 -1.100e+02 3.1e+01  5.0  0.47715  0.00267  0.47435
L29CD1-HD1  598.8 3.0e-01 -8.000e+01 3.1e+01  5.0  0.47446  0.00267  0.47427
L29CD1-HD1  598.8 3.0e-01 -5.000e+01 3.1e+01  5.0  0.47470  0.00267  0.47418
L29CD1-HD1  598.8 3.0e-01 -2.000e+01 3.1e+01  5.0  0.47815  0.00267  0.47408
L29CD1-HD1  598.8 3.0e-01 1.000e+01 3.1e+01  5.0  0.47497  0.00267  0.47398
L29CD1-HD1  598.8 3.0e-01 4.000e+01 3.1e+01  5.0  0.47580  0.00267  0.47386
L29CD1-HD1  598.8 3.0e-01 7.000e+01 3.1e+01  5.0  0.47687  0.00267  0.47374
L29CD1-HD1  598.8 3.0e-01 1.000e+02 3.1e+01  5.0  0.47653  0.00267  0.47360
L29CD1-HD1  598.8 3.0e-01 1.300e+02 3.1e+01  5.0  0.47478  0.00267  0.47345
L29CD1-HD1  598.8 3.0e-01 1.600e+02 3.1e+01  5.0  0.47101  0.00267  0.47328
L29CD1-HD1  598.8 3.0e-01 1.900e+02 3.1e+01  5.0  0.47326  0.00267  0.47310
L29CD1-HD1  598.8 3.0e-01 2.200e+02 3.1e+01  5.0  0.46769  0.00267  0.47290
L29CD1-HD1  598.8 3.0e-01 2.500e+02 3.1e+01  5.0  0.47416  0.00267  0.47267
L29CD1-HD1  598.8 3.0e-01 2.800e+02 3.1e+01  5.0  0.47172  0.00267  0.47241
L29CD1-HD1  598.8 3.0e-01 3.100e+02 3.1e+01  5.0  0.47552  0.00267  0.47213
L29CD1-HD1  598.8 3.0e-01 3.400e+02 3.1e+01  5.0  0.47155  0.00267  0.47180
L29CD1-HD1  598.8 3.0e-01 3.700e+02 3.1e+01  5.0  0.47398  0.00267  0.47143
L29CD1-HD1  598.8 3.0e-01 4.000e+02 3.1e+01  5.0  0.46951  0.00267  0.47101
L29CD1-HD1  598.8 3.0e-01 4.300e+02 3.1e+01  5.0  0.47096  0.00267  0.47053
L29CD1-HD1  598.8 3.0e-01 4.600e+02 3.1e+01  5.0  0.47067  0.00267  0.46997
L29CD1-HD1  598.8 3.0e-01 4.900e+02 3.1e+01  5.0  0.47100  0.00267  0.46931
L29CD1-HD1  598.8 3.0e-01 5.200e+02 3.1e+01  5.0  0.46623  0.00267  0.46853
L29CD1-HD1  598.8 3.0e-01 5.500e+02 3.1e+01  5.0  0.47453  0.00267  0.46761
L29CD1-HD1  598.8 3.0e-01 5.800e+02 3.1e+01  5.0  0.46541  0.00267  0.46650
L29CD1-HD1  598.8 3.0e-01 6.100e+02 3.1e+01  5.0  0.46126  0.00267  0.46515
L29CD1-HD1  598.8 3.0e-01 6.400e+02 3.1e+01  5.0  0.46182  0.00267  0.46346
L29CD1-HD1  598.8 3.0e-01 6.700e+02 3.1e+01  5.0  0.47061  0.00267  0.46134
L29CD1-HD1  598.8 3.0e-01 7.000e+02 3.1e+01  5.0  0.46323  0.00267  0.45859
L29CD1-HD1  598.8 3.0e-01 7.300e+02 3.1e+01  5.0  0.45513  0.00267  0.45493
L29CD1-HD1  598.8 3.0e-01 7.600e+02 3.1e+01  5.0  0.44637  0.00267  0.44990
L29CD1-HD1  598.8 3.0e-01 7.900e+02 3.1e+01  5.0  0.44652  0.00267  0.44264
L29CD1-HD1  598.8 3.0e-01 8.200e+02 3.1e+01  5.0  0.43651  0.00267  0.43148
L29CD1-HD1  598.8 3.0e-01 8.500e+02 3.1e+01  5.0  0.41908  0.00267  0.41278
L29CD1-HD1  598.8 3.0e-01 8.800e+02 3.1e+01  5.0  0.38019  0.00267  0.37785
L29CD1-HD1  598.8 3.0e-01 9.100e+02 3.1e+01  5.0  0.30539  0.00267  0.30859
L29CD1-HD1  598.8 3.0e-01 9.400e+02 3.1e+01  5.0  0.22146  0.00267  0.21747
L29CD1-HD1  598.8 3.0e-01 9.700e+02 3.1e+01  5.0  0.19188  0.00267  0.18975
L29CD1-HD1  598.8 3.0e-01 1.000e+03 3.1e+01  5.0  0.14224  0.00267  0.14565
L29CD1-HD1  598.8 3.0e-01 1.030e+03 3.1e+01  5.0  0.04943  0.00267  0.04514
L29CD1-HD1  598.8 3.0e-01 1.060e+03 3.1e+01  5.0 -0.00288  0.00267  0.00028
L29CD1-HD1  598.8 3.0e-01 1.090e+03 3.1e+01  5.0  0.03395  0.00267  0.02338
L29CD1-HD1  598.8 3.0e-01 1.120e+03 3.1e+01  5.0  0.16765  0.00267  0.16182
L29CD1-HD1  598.8 3.0e-01 1.150e+03 3.1e+01  5.0  0.28478  0.00267  0.28505
L29CD1-HD1  598.8 3.0e-01 1.180e+03 3.1e+01  5.0  0.35259  0.00267  0.35468
L29CD1-HD1  598.8 3.0e-01 1.210e+03 3.1e+01  5.0  0.39099  0.00267  0.39378
L29CD1-HD1  598.8 3.0e-01 1.240e+03 3.1e+01  5.0  0.42163  0.00267  0.41735
L29CD1-HD1  598.8 3.0e-01 1.270e+03 3.1e+01  5.0  0.42952  0.00267  0.43225
L29CD2-HD2  598.8 3.0e-01 -1.500e+04 3.1e+01  5.0  0.99681  0.00260  0.99614
L29CD2-HD2  598.8 3.0e-01 -1.500e+04 3.1e+01  5.0  1.00000  0.00260  0.99614
L29CD2-HD2  598.8 3.0e-01 -1.700e+03 3.1e+01  5.0  0.49546  0.00260  0.49878
L29CD2-HD2  598.8 3.0e-01 -1.670e+03 3.1e+01  5.0  0.49568  0.00260  0.49877
L29CD2-HD2  598.8 3.0e-01 -1.640e+03 3.1e+01  5.0  0.49002  0.00260  0.49876
L29CD2-HD2  598.8 3.0e-01 -1.610e+03 3.1e+01  5.0  0.49331  0.00260  0.49875
L29CD2-HD2  598.8 3.0e-01 -1.580e+03 3.1e+01  5.0  0.49448  0.00260  0.49873
L29CD2-HD2  598.8 3.0e-01 -1.550e+03 3.1e+01  5.0  0.49503  0.00260  0.49872
L29CD2-HD2  598.8 3.0e-01 -1.520e+03 3.1e+01  5.0  0.49721  0.00260  0.49871
L29CD2-HD2  598.8 3.0e-01 -1.490e+03 3.1e+01  5.0  0.49391  0.00260  0.49869
L29CD2-HD2  598.8 3.0e-01 -1.460e+03 3.1e+01  5.0  0.49648  0.00260  0.49868
L29CD2-HD2  598.8 3.0e-01 -1.430e+03 3.1e+01  5.0  0.49234  0.00260  0.49866
L29CD2-HD2  598.8 3.0e-01 -1.400e+03 3.1e+01  5.0  0.49746  0.00260  0.49864
L29CD2-HD2  598.8 3.0e-01 -1.370e+03 3.1e+01  5.0  0.50006  0.00260  0.49862
L29CD2-HD2  598.8 3.0e-01 -1.340e+03 3.1e+01  5.0  0.49594  0.00260  0.49860
L29CD2-HD2  598.8 3.0e-01 -1.310e+03 3.1e+01  5.0  0.49721  0.00260  0.49858
L29CD2-HD2  598.8 3.0e-01 -1.280e+03 3.1e+01  5.0  0.49663  0.00260  0.49856
L29CD2-HD2  598.8 3.0e-01 -1.280e+03 3.1e+01  5.0  0.49731  0.00260  0.49856
L29CD2-HD2  598.8 3.0e-01 -1.250e+03 3.1e+01  5.0  0.49688  0.00260  0.49854
L29CD2-HD2  598.8 3.0e-01 -1.250e+03 3.1e+01  5.0  0.49713  0.00260  0.49854
L29CD2-HD2  598.8 3.0e-01 -1.220e+03 3.1e+01  5.0  0.49611  0.00260  0.49852
L29CD2-HD2  598.8 3.0e-01 -1.220e+03 3.1e+01  5.0  0.49882  0.00260  0.49852
L29CD2-HD2  598.8 3.0e-01 -1.190e+03 3.1e+01  5.0  0.50076  0.00260  0.49849
L29CD2-HD2  598.8 3.0e-01 -1.160e+03 3.1e+01  5.0  0.49585  0.00260  0.49847
L29CD2-HD2  598.8 3.0e-01 -1.130e+03 3.1e+01  5.0  0.50312  0.00260  0.49844
L29CD2-HD2  598.8 3.0e-01 -1.100e+03 3.1e+01  5.0  0.49696  0.00260  0.49841
L29CD2-HD2  598.8 3.0e-01 -1.070e+03 3.1e+01  5.0  0.50066  0.00260  0.49838
L29CD2-HD2  598.8 3.0e-01 -1.040e+03 3.1e+01  5.0  0.49643  0.00260  0.49835
L29CD2-HD2  598.8 3.0e-01 -1.010e+03 3.1e+01  5.0  0.50213  0.00260  0.49832
L29CD2-HD2  598.8 3.0e-01 -9.800e+02 3.1e+01  5.0  0.49766  0.00260  0.49828
L29CD2-HD2  598.8 3.0e-01 -9.500e+02 3.1e+01  5.0  0.49707  0.00260  0.49824
L29CD2-HD2  598.8 3.0e-01 -9.200e+02 3.1e+01  5.0  0.49858  0.00260  0.49820
L29CD2-HD2  598.8 3.0e-01 -8.900e+02 3.1e+01  5.0  0.50070  0.00260  0.49816
L29CD2-HD2  598.8 3.0e-01 -8.600e+02 3.1e+01  5.0  0.49929  0.00260  0.49812
L29CD2-HD2  598.8 3.0e-01 -8.300e+02 3.1e+01  5.0  0.49480  0.00260  0.49807
L29CD2-HD2  598.8 3.0e-01 -8.000e+02 3.1e+01  5.0  0.49831  0.00260  0.49802
L29CD2-HD2  598.8 3.0e-01 -7.700e+02 3.1e+01  5.0  0.49943  0.00260  0.49796
L29CD2-HD2  598.8 3.0e-01 -7.400e+02 3.1e+01  5.0  0.49933  0.00260  0.49790
L29CD2-HD2  598.8 3.0e-01 -7.100e+02 3.1e+01  5.0  0.50223  0.00260  0.49784
L29CD2-HD2  598.8 3.0e-01 -6.800e+02 3.1e+01  5.0  0.49940  0.00260  0.49777
L29CD2-HD2  598.8 3.0e-01 -6.500e+02 3.1e+01  5.0  0.49898  0.00260  0.49770
L29CD2-HD2  598.8 3.0e-01 -6.200e+02 3.1e+01  5.0  0.49925  0.00260  0.49762
L29CD2-HD2  598.8 3.0e-01 -5.900e+02 3.1e+01  5.0  0.49892  0.00260  0.49753
L29CD2-HD2  598.8 3.0e-01 -5.600e+02 3.1e+01  5.0  0.49712  0.00260  0.49744
L29CD2-HD2  598.8 3.0e-01 -5.300e+02 3.1e+01  5.0  0.50347  0.00260  0.49734
L29CD2-HD2  598.8 3.0e-01 -5.000e+02 3.1e+01  5.0  0.49884  0.00260  0.49723
L29CD2-HD2  598.8 3.0e-01 -4.700e+02 3.1e+01  5.0  0.49158  0.00260  0.49711
L29CD2-HD2  598.8 3.0e-01 -4.400e+02 3.1e+01  5.0  0.49560  0.00260  0.49698
L29CD2-HD2  598.8 3.0e-01 -4.100e+02 3.1e+01  5.0  0.49725  0.00260  0.49684
L29CD2-HD2  598.8 3.0e-01 -3.800e+02 3.1e+01  5.0  0.50143  0.00260  0.49669
L29CD2-HD2  598.8 3.0e-01 -3.500e+02 3.1e+01  5.0  0.49375  0.00260  0.49651
L29CD2-HD2  598.8 3.0e-01 -3.200e+02 3.1e+01  5.0  0.49264  0.00260  0.49632
L29CD2-HD2  598.8 3.0e-01 -2.900e+02 3.1e+01  5.0  0.49564  0.00260  0.49611
L29CD2-HD2  598.8 3.0e-01 -2.600e+02 3.1e+01  5.0  0.49187  0.00260  0.49588
L29CD2-HD2  598.8 3.0e-01 -2.300e+02 3.1e+01  5.0  0.50204  0.00260  0.49562
L29CD2-HD2  598.8 3.0e-01 -2.000e+02 3.1e+01  5.0  0.50015  0.00260  0.49532
L29CD2-HD2  598.8 3.0e-01 -1.700e+02 3.1e+01  5.0  0.49079  0.00260  0.49499
L29CD2-HD2  598.8 3.0e-01 -1.400e+02 3.1e+01  5.0  0.49924  0.00260  0.49462
L29CD2-HD2  598.8 3.0e-01 -1.100e+02 3.1e+01  5.0  0.49114  0.00260  0.49419
L29CD2-HD2  598.8 3.0e-01 -8.000e+01 3.1e+01  5.0  0.49286  0.00260  0.49370
L29CD2-HD2  598.8 3.0e-01 -5.000e+01 3.1e+01  5.0  0.48970  0.00260  0.49313
L29CD2-HD2  598.8 3.0e-01 -2.000e+01 3.1e+01  5.0  0.48927  0.00260  0.49247
L29CD2-HD2  598.8 3.0e-01 1.000e+01 3.1e+01  5.0  0.49309  0.00260  0.49170
L29CD2-HD2  598.8 3.0e-01 4.000e+01 3.1e+01  5.0  0.49205  0.00260  0.49078
L29CD2-HD2  598.8 3.0e-01 7.000e+01 3.1e+01  5.0  0.49358  0.00260  0.48969
L29CD2-HD2  598.8 3.0e-01 1.000e+02 3.1e+01  5.0  0.48803  0.00260  0.48837
L29CD2-HD2  598.8 3.0e-01 1.300e+02 3.1e+01  5.0  0.48666  0.00260  0.48676
L29CD2-HD2  598.8 3.0e-01 1.600e+02 3.1e+01  5.0  0.49033  0.00260  0.48476
L29CD2-HD2  598.8 3.0e-01 1.900e+02 3.1e+01  5.0  0.48377  0.00260  0.48223
L29CD2-HD2  598.8 3.0e-01 2.200e+02 3.1e+01  5.0  0.47926  0.00260  0.47897
L29CD2-HD2  598.8 3.0e-01 2.500e+02 3.1e+01  5.0  0.47554  0.00260  0.47467
L29CD2-HD2  598.8 3.0e-01 2.800e+02 3.1e+01  5.0  0.47038  0.00260  0.46883
L29CD2-HD2  598.8 3.0e-01 3.100e+02 3.1e+01  5.0  0.46161  0.00260  0.46065
L29CD2-HD2  598.8 3.0e-01 3.400e+02 3.1e+01  5.0  0.44485  0.00260  0.44871
L29CD2-HD2  598.8 3.0e-01 3.700e+02 3.1e+01  5.0  0.43248  0.00260  0.43056
L29CD2-HD2  598.8 3.0e-01 4.000e+02 3.1e+01  5.0  0.40101  0.00260  0.40160
L29CD2-HD2  598.8 3.0e-01 4.300e+02 3.1e+01  5.0  0.34648  0.00260  0.35236
L29CD2-HD2  598.8 3.0e-01 4.600e+02 3.1e+01  5.0  0.26375  0.00260  0.26261
L29CD2-HD2  598.8 3.0e-01 4.900e+02 3.1e+01  5.0  0.12648  0.00260  0.11551
L29CD2-HD2  598.8 3.0e-01 5.200e+02 3.1e+01  5.0  0.00862  0.00260  0.00593
L29CD2-HD2  598.8 3.0e-01 5.500e+02 3.1e+01  5.0  0.01050  0.00260  0.00459
L29CD2-HD2  598.8 3.0e-01 5.800e+02 3.1e+01  5.0  0.09839  0.00260  0.08958
L29CD2-HD2  598.8 3.0e-01 6.100e+02 3.1e+01  5.0  0.20205  0.00260  0.20459
L29CD2-HD2  598.8 3.0e-01 6.400e+02 3.1e+01  5.0  0.25721  0.00260  0.25848
L29CD2-HD2  598.8 3.0e-01 6.700e+02 3.1e+01  5.0  0.25739  0.00260  0.25320
L29CD2-HD2  598.8 3.0e-01 7.000e+02 3.1e+01  5.0  0.25016  0.00260  0.24584
L29CD2-HD2  598.8 3.0e-01 7.300e+02 3.1e+01  5.0  0.32770  0.00260  0.32461
L29CD2-HD2  598.8 3.0e-01 7.600e+02 3.1e+01  5.0  0.40321  0.00260  0.39898
L29CD2-HD2  598.8 3.0e-01 7.900e+02 3.1e+01  5.0  0.43523  0.00260  0.43684
L29CD2-HD2  598.8 3.0e-01 8.200e+02 3.1e+01  5.0  0.45556  0.00260  0.45630
L29CD2-HD2  598.8 3.0e-01 8.500e+02 3.1e+01  5.0  0.47153  0.00260  0.46746
L29CD2-HD2  598.8 3.0e-01 8.800e+02 3.1e+01  5.0  0.47875  0.00260  0.47451
L29CD2-HD2  598.8 3.0e-01 9.100e+02 3.1e+01  5.0  0.47679  0.00260  0.47932
L29CD2-HD2  598.8 3.0e-01 9.400e+02 3.1e+01  5.0  0.47902  0.00260  0.48276
L29CD2-HD2  598.8 3.0e-01 9.700e+02 3.1e+01  5.0  0.47975  0.00260  0.48534
L29CD2-HD2  598.8 3.0e-01 1.000e+03 3.1e+01  5.0  0.48597  0.00260  0.48733
L29CD2-HD2  598.8 3.0e-01 1.030e+03 3.1e+01  5.0  0.48835  0.00260  0.48891
L29CD2-HD2  598.8 3.0e-01 1.060e+03 3.1e+01  5.0  0.49809  0.00260  0.49018
L29CD2-HD2  598.8 3.0e-01 1.090e+03 3.1e+01  5.0  0.49142  0.00260  0.49122
L29CD2-HD2  598.8 3.0e-01 1.120e+03 3.1e+01  5.0  0.50105  0.00260  0.49209
L29CD2-HD2  598.8 3.0e-01 1.150e+03 3.1e+01  5.0  0.49675  0.00260  0.49282
L29CD2-HD2  598.8 3.0e-01 1.180e+03 3.1e+01  5.0  0.48772  0.00260  0.49344
L29CD2-HD2  598.8 3.0e-01 1.210e+03 3.1e+01  5.0  0.49796  0.00260  0.49397
L29CD2-HD2  598.8 3.0e-01 1.240e+03 3.1e+01  5.0  0.49514  0.00260  0.49444
L29CD2-HD2  598.8 3.0e-01 1.270e+03 3.1e+01  5.0  0.49103  0.00260  0.49484
I50CD1-HD1  598.8 3.0e-01 -1.500e+04 3.1e+01  5.0  1.00225  0.00354  0.99902
I50CD1-HD1  598.8 3.0e-01 -1.500e+04 3.1e+01  5.0  1.00000  0.00354  0.99902
I50CD1-HD1  598.8 3.0e-01 -1.700e+03 3.1e+01  5.0  0.66955  0.00354  0.67261
I50CD1-HD1  598.8 3.0e-01 -1.670e+03 3.1e+01  5.0  0.66315  0.00354  0.67234
I50CD1-HD1  598.8 3.0e-01 -1.640e+03 3.1e+01  5.0  0.67990  0.00354  0.67204
I50CD1-HD1  598.8 3.0e-01 -1.610e+03 3.1e+01  5.0  0.66272  0.00354  0.67170
I50CD1-HD1  598.8 3.0e-01 -1.580e+03 3.1e+01  5.0  0.67358  0.00354  0.67133
I50CD1-HD1  598.8 3.0e-01 -1.550e+03 3.1e+01  5.0  0.66625  0.00354  0.67091
I50CD1-HD1  598.8 3.0e-01 -1.520e+03 3.1e+01  5.0  0.66917  0.00354  0.67045
I50CD1-HD1  598.8 3.0e-01 -1.490e+03 3.1e+01  5.0  0.67011  0.00354  0.66991
I50CD1-HD1  598.8 3.0e-01 -1.460e+03 3.1e+01  5.0  0.66808  0.00354  0.66931
I50CD1-HD1  598.8 3.0e-01 -1.430e+03 3.1e+01  5.0  0.67017  0.00354  0.66862
I50CD1-HD1  598.8 3.0e-01 -1.400e+03 3.1e+01  5.0  0.65972  0.00354  0.66782
I50CD1-HD1  598.8 3.0e-01 -1.370e+03 3.1e+01  5.0  0.65974  0.00354  0.66690
I50CD1-HD1  598.8 3.0e-01 -1.340e+03 3.1e+01  5.0  0.66336  0.00354  0.66582
I50CD1-HD1  598.8 3.0e-01 -1.310e+03 3.1e+01  5.0  0.67118  0.00354  0.66455
I50CD1-HD1  598.8 3.0e-01 -1.280e+03 3.1e+01  5.0  0.66879  0.00354  0.66303
I50CD1-HD1  598.8 3.0e-01 -1.280e+03 3.1e+01  5.0  0.66553  0.00354  0.66303
I50CD1-HD1  598.8 3.0e-01 -1.250e+03 3.1e+01  5.0  0.66865  0.00354  0.66119
I50CD1-HD1  598.8 3.0e-01 -1.250e+03 3.1e+01  5.0  0.66233  0.00354  0.66119
I50CD1-HD1  598.8 3.0e-01 -1.220e+03 3.1e+01  5.0  0.65993  0.00354  0.65895
I50CD1-HD1  598.8 3.0e-01 -1.220e+03 3.1e+01  5.0  0.65070  0.00354  0.65895
I50CD1-HD1  598.8 3.0e-01 -1.190e+03 3.1e+01  5.0  0.66322  0.00354  0.65617
I50CD1-HD1  598.8 3.0e-01 -1.160e+03 3.1e+01  5.0  0.65989  0.00354  0.65263
I50CD1-HD1  598.8 3.0e-01 -1.130e+03 3.1e+01  5.0  0.65130  0.00354  0.64805
I50CD1-HD1  598.8 3.0e-01 -1.100e+03 3.1e+01  5.0  0.63853  0.00354  0.64192
I50CD1-HD1  598.8 3.0e-01 -1.070e+03 3.1e+01  5.0  0.63512  0.00354  0.63338
I50CD1-HD1  598.8 3.0e-01 -1.040e+03 3.1e+01  5.0  0.62006  0.00354  0.62080
I50CD1-HD1  598.8 3.0e-01 -1.010e+03 3.1e+01  5.0  0.60077  0.00354  0.60065
I50CD1-HD1  598.8 3.0e-01 -9.800e+02 3.1e+01  5.0  0.56376  0.00354  0.56408
I50CD1-HD1  598.8 3.0e-01 -9.500e+02 3.1e+01  5.0  0.49222  0.00354  0.48651
I50CD1-HD1  598.8 3.0e-01 -9.200e+02 3.1e+01  5.0  0.35385  0.00354  0.33907
I50CD1-HD1  598.8 3.0e-01 -8.900e+02 3.1e+01  5.0  0.28513  0.00354  0.27239
I50CD1-HD1  598.8 3.0e-01 -8.600e+02 3.1e+01  5.0  0.26290  0.00354  0.24595
I50CD1-HD1  598.8 3.0e-01 -8.300e+02 3.1e+01  5.0  0.14293  0.00354  0.12818
I50CD1-HD1  598.8 3.0e-01 -8.000e+02 3.1e+01  5.0  0.01367  0.00354  0.01140
I50CD1-HD1  598.8 3.0e-01 -7.700e+02 3.1e+01  5.0 -0.00390  0.00354  0.00060
I50CD1-HD1  598.8 3.0e-01 -7.400e+02 3.1e+01  5.0  0.08136  0.00354  0.07517
I50CD1-HD1  598.8 3.0e-01 -7.100e+02 3.1e+01  5.0  0.27633  0.00354  0.27467
I50CD1-HD1  598.8 3.0e-01 -6.800e+02 3.1e+01  5.0  0.41527  0.00354  0.42328
I50CD1-HD1  598.8 3.0e-01 -6.500e+02 3.1e+01  5.0  0.50253  0.00354  0.50965
I50CD1-HD1  598.8 3.0e-01 -6.200e+02 3.1e+01  5.0  0.54426  0.00354  0.56047
I50CD1-HD1  598.8 3.0e-01 -5.900e+02 3.1e+01  5.0  0.59638  0.00354  0.59178
I50CD1-HD1  598.8 3.0e-01 -5.600e+02 3.1e+01  5.0  0.61690  0.00354  0.61213
I50CD1-HD1  598.8 3.0e-01 -5.300e+02 3.1e+01  5.0  0.61215  0.00354  0.62603
I50CD1-HD1  598.8 3.0e-01 -5.000e+02 3.1e+01  5.0  0.63260  0.00354  0.63592
I50CD1-HD1  598.8 3.0e-01 -4.700e+02 3.1e+01  5.0  0.64246  0.00354  0.64319
I50CD1-HD1  598.8 3.0e-01 -4.400e+02 3.1e+01  5.0  0.64587  0.00354  0.64868
I50CD1-HD1  598.8 3.0e-01 -4.100e+02 3.1e+01  5.0  0.65005  0.00354  0.65293
I50CD1-HD1  598.8 3.0e-01 -3.800e+02 3.1e+01  5.0  0.66576  0.00354  0.65628
I50CD1-HD1  598.8 3.0e-01 -3.500e+02 3.1e+01  5.0  0.65661  0.00354  0.65897
I50CD1-HD1  598.8 3.0e-01 -3.200e+02 3.1e+01  5.0  0.66241  0.00354  0.66116
I50CD1-HD1  598.8 3.0e-01 -2.900e+02 3.1e+01  5.0  0.66886  0.00354  0.66297
I50CD1-HD1  598.8 3.0e-01 -2.600e+02 3.1e+01  5.0  0.66662  0.00354  0.66447
I50CD1-HD1  598.8 3.0e-01 -2.300e+02 3.1e+01  5.0  0.66123  0.00354  0.66574
I50CD1-HD1  598.8 3.0e-01 -2.000e+02 3.1e+01  5.0  0.67426  0.00354  0.66682
I50CD1-HD1  598.8 3.0e-01 -1.700e+02 3.1e+01  5.0  0.67096  0.00354  0.66775
I50CD1-HD1  598.8 3.0e-01 -1.400e+02 3.1e+01  5.0  0.66825  0.00354  0.66855
I50CD1-HD1  598.8 3.0e-01 -1.100e+02 3.1e+01  5.0  0.67697  0.00354  0.66924
I50CD1-HD1  598.8 3.0e-01 -8.000e+01 3.1e+01  5.0  0.65920  0.00354  0.66985
I50CD1-HD1  598.8 3.0e-01 -5.000e+01 3.1e+01  5.0  0.67434  0.00354  0.67039
I50CD1-HD1  598.8 3.0e-01 -2.000e+01 3.1e+01  5.0  0.66350  0.00354  0.67086
I50CD1-HD1  598.8 3.0e-01 1.000e+01 3.1e+01  5.0  0.67595  0.00354  0.67128
I50CD1-HD1  598.8 3.0e-01 4.000e+01 3.1e+01  5.0  0.67198  0.00354  0.67166
I50CD1-HD1  598.8 3.0e-01 7.000e+01 3.1e+01  5.0  0.67721  0.00354  0.67199
I50CD1-HD1  598.8 3.0e-01 1.000e+02 3.1e+01  5.0  0.67411  0.00354  0.67230
I50CD1-HD1  598.8 3.0e-01 1.300e+02 3.1e+01  5.0  0.66746  0.00354  0.67257
I50CD1-HD1  598.8 3.0e-01 1.600e+02 3.1e+01  5.0  0.68379  0.00354  0.67282
I50CD1-HD1  598.8 3.0e-01 1.900e+02 3.1e+01  5.0  0.67742  0.00354  0.67304
I50CD1-HD1  598.8 3.0e-01 2.200e+02 3.1e+01  5.0  0.67978  0.00354  0.67325
I50CD1-HD1  598.8 3.0e-01 2.500e+02 3.1e+01  5.0  0.67430  0.00354  0.67344
I50CD1-HD1  598.8 3.0e-01 2.800e+02 3.1e+01  5.0  0.67498  0.00354  0.67361
I50CD1-HD1  598.8 3.0e-01 3.100e+02 3.1e+01  5.0  0.67670  0.00354  0.67377
I50CD1-HD1  598.8 3.0e-01 3.400e+02 3.1e+01  5.0  0.67549  0.00354  0.67391
I50CD1-HD1  598.8 3.0e-01 3.700e+02 3.1e+01  5.0  0.67932  0.00354  0.67405
I50CD1-HD1  598.8 3.0e-01 4.000e+02 3.1e+01  5.0  0.67015  0.00354  0.67417
I50CD1-HD1  598.8 3.0e-01 4.300e+02 3.1e+01  5.0  0.66400  0.00354  0.67429
I50CD1-HD1  598.8 3.0e-01 4.600e+02 3.1e+01  5.0  0.66353  0.00354  0.67439
I50CD1-HD1  598.8 3.0e-01 4.900e+02 3.1e+01  5.0  0.68189  0.00354  0.67449
I50CD1-HD1  598.8 3.0e-01 5.200e+02 3.1e+01  5.0  0.67410  0.00354  0.67459
I50CD1-HD1  598.8 3.0e-01 5.500e+02 3.1e+01  5.0  0.67743  0.00354  0.67467
I50CD1-HD1  598.8 3.0e-01 5.800e+02 3.1e+01  5.0  0.66302  0.00354  0.67475
I50CD1-HD1  598.8 3.0e-01 6.100e+02 3.1e+01  5.0  0.67879  0.00354  0.67483
I50CD1-HD1  598.8 3.0e-01 6.400e+02 3.1e+01  5.0  0.67573  0.00354  0.67490
I50CD1-HD1  598.8 3.0e-01 6.700e+02 3.1e+01  5.0  0.68328  0.00354  0.67497
I50CD1-HD1  598.8 3.0e-01 7.000e+02 3.1e+01  5.0  0.67615  0.00354  0.67503
I50CD1-HD1  598.8 3.0e-01 7.300e+02 3.1e+01  5.0  0.67751  0.00354  0.67509
I50CD1-HD1  598.8 3.0e-01 7.600e+02 3.1e+01  5.0  0.66804  0.00354  0.67514
I50CD1-HD1  598.8 3.0e-01 7.900e+02 3.1e+01  5.0  0.68308  0.00354  0.67520
I50CD1-HD1  598.8 3.0e-01 8.200e+02 3.1e+01  5.0  0.67770  0.00354  0.67525
I50CD1-HD1  598.8 3.0e-01 8.500e+02 3.1e+01  5.0  0.67743  0.00354  0.67529
I50CD1-HD1  598.8 3.0e-01 8.800e+02 3.1e+01  5.0  0.65862  0.00354  0.67534
I50CD1-HD1  598.8 3.0e-01 9.100e+02 3.1e+01  5.0  0.66924  0.00354  0.67538
I50CD1-HD1  598.8 3.0e-01 9.400e+02 3.1e+01  5.0  0.67857  0.00354  0.67542
I50CD1-HD1  598.8 3.0e-01 9.700e+02 3.1e+01  5.0  0.67520  0.00354  0.67546
I50CD1-HD1  598.8 3.0e-01 1.000e+03 3.1e+01  5.0  0.67436  0.00354  0.67549
I50CD1-HD1  598.8 3.0e-01 1.030e+03 3.1e+01  5.0  0.67345  0.00354  0.67553
I50CD1-HD1  598.8 3.0e-01 1.060e+03 3.1e+01  5.0  0.67780  0.00354  0.67556
I50CD1-HD1  598.8 3.0e-01 1.090e+03 3.1e+01  5.0  0.68534  0.00354  0.67559
I50CD1-HD1  598.8 3.0e-01 1.120e+03 3.1e+01  5.0  0.66939  0.00354  0.67562
I50CD1-HD1  598.8 3.0e-01 1.150e+03 3.1e+01  5.0  0.68266  0.00354  0.67565
I50CD1-HD1  598.8 3.0e-01 1.180e+03 3.1e+01  5.0  0.66023  0.00354  0.67567
I50CD1-HD1  598.8 3.0e-01 1.210e+03 3.1e+01  5.0  0.68032  0.00354  0.67570
I50CD1-HD1  598.8 3.0e-01 1.240e+03 3.1e+01  5.0  0.65952  0.00354  0.67572
I50CD1-HD1  598.8 3.0e-01 1.270e+03 3.1e+01  5.0  0.67006  0.00354  0.67575
V55CG2-HG2  598.8 3.0e-01 -1.500e+04 3.1e+01  5.0  1.00751  0.00411  0.99965
V55CG2-HG2  598.8 3.0e-01 -1.500e+04 3.1e+01  5.0  1.00000  0.00411  0.99965
V55CG2-HG2  598.8 3.0e-01 -1.700e+03 3.1e+01  5.0  0.35597  0.00411  0.35377
V55CG2-HG2  598.8 3.0e-01 -1.670e+03 3.1e+01  5.0  0.35246  0.00411  0.35374
V55CG2-HG2  598.8 3.0e-01 -1.640e+03 3.1e+01  5.0  0.36068  0.00411  0.35371
V55CG2-HG2  598.8 3.0e-01 -1.610e+03 3.1e+01  5.0  0.35953  0.00411  0.35368
V55CG2-HG2  598.8 3.0e-01 -1.580e+03 3.1e+01  5.0  0.35324  0.00411  0.35364
V55CG2-HG2  598.8 3.0e-01 -1.550e+03 3.1e+01  5.0  0.35373  0.00411  0.35360
V55CG2-HG2  598.8 3.0e-01 -1.520e+03 3.1e+01  5.0  0.35441  0.00411  0.35357
V55CG2-HG2  598.8 3.0e-01 -1.490e+03 3.1e+01  5.0  0.35069  0.00411  0.35353
V55CG2-HG2  598.8 3.0e-01 -1.460e+03 3.1e+01  5.0  0.34817  0.00411  0.35348
V55CG2-HG2  598.8 3.0e-01 -1.430e+03 3.1e+01  5.0  0.35343  0.00411  0.35344
V55CG2-HG2  598.8 3.0e-01 -1.400e+03 3.1e+01  5.0  0.34857  0.00411  0.35339
V55CG2-HG2  598.8 3.0e-01 -1.370e+03 3.1e+01  5.0  0.36165  0.00411  0.35333
V55CG2-HG2  598.8 3.0e-01 -1.340e+03 3.1e+01  5.0  0.35062  0.00411  0.35328
V55CG2-HG2  598.8 3.0e-01 -1.310e+03 3.1e+01  5.0  0.34611  0.00411  0.35322
V55CG2-HG2  598.8 3.0e-01 -1.280e+03 3.1e+01  5.0  0.35435  0.00411  0.35315
V55CG2-HG2  598.8 3.0e-01 -1.280e+03 3.1e+01  5.0  0.34106  0.00411  0.35315
V55CG2-HG2  598.8 3.0e-01 -1.250e+03 3.1e+01  5.0  0.35774  0.00411  0.35309
V55CG2-HG2  598.8 3.0e-01 -1.250e+03 3.1e+01  5.0  0.34942  0.00411  0.35309
V55CG2-HG2  598.8 3.0e-01 -1.220e+03 3.1e+01  5.0  0.35326  0.00411  0.35301
V55CG2-HG2  598.8 3.0e-01 -1.220e+03 3.1e+01  5.0  0.34755  0.00411  0.35301
V55CG2-HG2  598.8 3.0e-01 -1.190e+03 3.1e+01  5.0  0.35173  0.00411  0.35293
V55CG2-HG2  598.8 3.0e-01 -1.160e+03 3.1e+01  5.0  0.35570  0.00411  0.35285
V55CG2-HG2  598.8 3.0e-01 -1.130e+03 3.1e+01  5.0  0.34396  0.00411  0.35275
V55CG2-HG2  598.8 3.0e-01 -1.100e+03 3.1e+01  5.0  0.34382  0.00411  0.35265
V55CG2-HG2  598.8 3.0e-01 -1.070e+03 3.1e+01  5.0  0.35681  0.00411  0.35254
V55CG2-HG2  598.8 3.0e-01 -1.040e+03 3.1e+01  5.0  0.36115  0.00411  0.35242
V55CG2-HG2  598.8 3.0e-01 -1.010e+03 3.1e+01  5.0  0.35711  0.00411  0.35229
V55CG2-HG2  598.8 3.0e-01 -9.800e+02 3.1e+01  5.0  0.35585  0.00411  0.35215
V55CG2-HG2  598.8 3.0e-01 -9.500e+02 3.1e+01  5.0  0.35234  0.00411  0.35199
V55CG2-HG2  598.8 3.0e-01 -9.200e+02 3.1e+01  5.0  0.35019  0.00411  0.35182
V55CG2-HG2  598.8 3.0e-01 -8.900e+02 3.1e+01  5.0  0.33643  0.00411  0.35163
V55CG2-HG2  598.8 3.0e-01 -8.600e+02 3.1e+01  5.0  0.35602  0.00411  0.35142
V55CG2-HG2  598.8 3.0e-01 -8.300e+02 3.1e+01  5.0  0.35089  0.00411  0.35119
V55CG2-HG2  598.8 3.0e-01 -8.000e+02 3.1e+01  5.0  0.33903  0.00411  0.35093
V55CG2-HG2  598.8 3.0e-01 -7.700e+02 3.1e+01  5.0  0.35353  0.00411  0.35063
V55CG2-HG2  598.8 3.0e-01 -7.400e+02 3.1e+01  5.0  0.34889  0.00411  0.35030
V55CG2-HG2  598.8 3.0e-01 -7.100e+02 3.1e+01  5.0  0.35424  0.00411  0.34993
V55CG2-HG2  598.8 3.0e-01 -6.800e+02 3.1e+01  5.0  0.34415  0.00411  0.34951
V55CG2-HG2  598.8 3.0e-01 -6.500e+02 3.1e+01  5.0  0.34903  0.00411  0.34902
V55CG2-HG2  598.8 3.0e-01 -6.200e+02 3.1e+01  5.0  0.35405  0.00411  0.34846
V55CG2-HG2  598.8 3.0e-01 -5.900e+02 3.1e+01  5.0  0.34985  0.00411  0.34782
V55CG2-HG2  598.8 3.0e-01 -5.600e+02 3.1e+01  5.0  0.34833  0.00411  0.34706
V55CG2-HG2  598.8 3.0e-01 -5.300e+02 3.1e+01  5.0  0.35453  0.00411  0.34617
V55CG2-HG2  598.8 3.0e-01 -5.000e+02 3.1e+01  5.0  0.35388  0.00411  0.34512
V55CG2-HG2  598.8 3.0e-01 -4.700e+02 3.1e+01  5.0  0.34629  0.00411  0.34385
V55CG2-HG2  598.8 3.0e-01 -4.400e+02 3.1e+01  5.0  0.34256  0.00411  0.34231
V55CG2-HG2  598.8 3.0e-01 -4.100e+02 3.1e+01  5.0  0.34203  0.00411  0.34042
V55CG2-HG2  598.8 3.0e-01 -3.800e+02 3.1e+01  5.0  0.33848  0.00411  0.33806
V55CG2-HG2  598.8 3.0e-01 -3.500e+02 3.1e+01  5.0  0.32659  0.00411  0.33506
V55CG2-HG2  598.8 3.0e-01 -3.200e+02 3.1e+01  5.0  0.34635  0.00411  0.33118
V55CG2-HG2  598.8 3.0e-01 -2.900e+02 3.1e+01  5.0  0.33011  0.00411  0.32604
V55CG2-HG2  598.8 3.0e-01 -2.600e+02 3.1e+01  5.0  0.31516  0.00411  0.31904
V55CG2-HG2  598.8 3.0e-01 -2.300e+02 3.1e+01  5.0  0.30929  0.00411  0.30923
V55CG2-HG2  598.8 3.0e-01 -2.000e+02 3.1e+01  5.0  0.29542  0.00411  0.29494
V55CG2-HG2  598.8 3.0e-01 -1.700e+02 3.1e+01  5.0  0.26948  0.00411  0.27327
V55CG2-HG2  598.8 3.0e-01 -1.400e+02 3.1e+01  5.0  0.24144  0.00411  0.23898
V55CG2-HG2  598.8 3.0e-01 -1.100e+02 3.1e+01  5.0  0.18634  0.00411  0.18328
V55CG2-HG2  598.8 3.0e-01 -8.000e+01 3.1e+01  5.0  0.10422  0.00411  0.09801
V55CG2-HG2  598.8 3.0e-01 -5.000e+01 3.1e+01  5.0  0.00951  0.00411  0.01485
V55CG2-HG2  598.8 3.0e-01 -2.000e+01 3.1e+01  5.0  0.00327  0.00411  0.00000
V55CG2-HG2  598.8 3.0e-01 1.000e+01 3.1e+01  5.0  0.00393  0.00411  0.00402
V55CG2-HG2  598.8 3.0e-01 4.000e+01 3.1e+01  5.0  0.05988  0.00411  0.06282
V55CG2-HG2  598.8 3.0e-01 7.000e+01 3.1e+01  5.0  0.15392  0.00411  0.14799
V55CG2-HG2  598.8 3.0e-01 1.000e+02 3.1e+01  5.0  0.20225  0.00411  0.20825
V55CG2-HG2  598.8 3.0e-01 1.300e+02 3.1e+01  5.0  0.24466  0.00411  0.24461
V55CG2-HG2  598.8 3.0e-01 1.600e+02 3.1e+01  5.0  0.26367  0.00411  0.26513
V55CG2-HG2  598.8 3.0e-01 1.900e+02 3.1e+01  5.0  0.26629  0.00411  0.27415
V55CG2-HG2  598.8 3.0e-01 2.200e+02 3.1e+01  5.0  0.27925  0.00411  0.27161
V55CG2-HG2  598.8 3.0e-01 2.500e+02 3.1e+01  5.0  0.24958  0.00411  0.25129
V55CG2-HG2  598.8 3.0e-01 2.800e+02 3.1e+01  5.0  0.20586  0.00411  0.20432
V55CG2-HG2  598.8 3.0e-01 3.100e+02 3.1e+01  5.0  0.19893  0.00411  0.19528
V55CG2-HG2  598.8 3.0e-01 3.400e+02 3.1e+01  5.0  0.26243  0.00411  0.26509
V55CG2-HG2  598.8 3.0e-01 3.700e+02 3.1e+01  5.0  0.30138  0.00411  0.30689
V55CG2-HG2  598.8 3.0e-01 4.000e+02 3.1e+01  5.0  0.33038  0.00411  0.32495
V55CG2-HG2  598.8 3.0e-01 4.300e+02 3.1e+01  5.0  0.32984  0.00411  0.33374
V55CG2-HG2  598.8 3.0e-01 4.600e+02 3.1e+01  5.0  0.33080  0.00411  0.33869
V55CG2-HG2  598.8 3.0e-01 4.900e+02 3.1e+01  5.0  0.34235  0.00411  0.34181
V55CG2-HG2  598.8 3.0e-01 5.200e+02 3.1e+01  5.0  0.32580  0.00411  0.34395
V55CG2-HG2  598.8 3.0e-01 5.500e+02 3.1e+01  5.0  0.34419  0.00411  0.34551
V55CG2-HG2  598.8 3.0e-01 5.800e+02 3.1e+01  5.0  0.34914  0.00411  0.34670
V55CG2-HG2  598.8 3.0e-01 6.100e+02 3.1e+01  5.0  0.35119  0.00411  0.34764
V55CG2-HG2  598.8 3.0e-01 6.400e+02 3.1e+01  5.0  0.35446  0.00411  0.34840
V55CG2-HG2  598.8 3.0e-01 6.700e+02 3.1e+01  5.0  0.35708  0.00411  0.34903
V55CG2-HG2  598.8 3.0e-01 7.000e+02 3.1e+01  5.0  0.33621  0.00411  0.34956
V55CG2-HG2  598.8 3.0e-01 7.300e+02 3.1e+01  5.0  0.36264  0.00411  0.35001
V55CG2-HG2  598.8 3.0e-01 7.600e+02 3.1e+01  5.0  0.34244  0.00411  0.35040
V55CG2-HG2  598.8 3.0e-01 7.900e+02 3.1e+01  5.0  0.34910  0.00411  0.35073
V55CG2-HG2  598.8 3.0e-01 8.200e+02 3.1e+01  5.0  0.35480  0.00411  0.35103
V55CG2-HG2  598.8 3.0e-01 8.500e+02 3.1e+01  5.0  0.35703  0.00411  0.35129
V55CG2-HG2  598.8 3.0e-01 8.800e+02 3.1e+01  5.0  0.34920  0.00411  0.35152
V55CG2-HG2  598.8 3.0e-01 9.100e+02 3.1e+01  5.0  0.34949  0.00411  0.35173
V55CG2-HG2  598.8 3.0e-01 9.400e+02 3.1e+01  5.0  0.34949  0.00411  0.35192
V55CG2-HG2  598.8 3.0e-01 9.700e+02 3.1e+01  5.0  0.35372  0.00411  0.35208
V55CG2-HG2  598.8 3.0e-01 1.000e+03 3.1e+01  5.0  0.35973  0.00411  0.35224
V55CG2-HG2  598.8 3.0e-01 1.030e+03 3.1e+01  5.0  0.34466  0.00411  0.35237
V55CG2-HG2  598.8 3.0e-01 1.060e+03 3.1e+01  5.0  0.35144  0.00411  0.35250
V55CG2-HG2  598.8 3.0e-01 1.090e+03 3.1e+01  5.0  0.35073  0.00411  0.35262
V55CG2-HG2  598.8 3.0e-01 1.120e+03 3.1e+01  5.0  0.33747  0.00411  0.35272
V55CG2-HG2  598.8 3.0e-01 1.150e+03 3.1e+01  5.0  0.35904  0.00411  0.35282
V55CG2-HG2  598.8 3.0e-01 1.180e+03 3.1e+01  5.0  0.36006  0.00411  0.35291
V55CG2-HG2  598.8 3.0e-01 1.210e+03 3.1e+01  5.0  0.34380  0.00411  0.35299
V55CG2-HG2  598.8 3.0e-01 1.240e+03 3.1e+01  5.0  0.35418  0.00411  0.35307
V55CG2-HG2  598.8 3.0e-01 1.270e+03 3.1e+01  5.0  0.35631  0.00411  0.35314
V58CG2-HG2  598.8 3.0e-01 -1.500e+04 3.1e+01  5.0  0.99597  0.00291  0.99601
V58CG2-HG2  598.8 3.0e-01 -1.500e+04 3.1e+01  5.0  1.00000  0.00291  0.99601
V58CG2-HG2  598.8 3.0e-01 -1.700e+03 3.1e+01  5.0  0.42849  0.00291  0.42653
V58CG2-HG2  598.8 3.0e-01 -1.670e+03 3.1e+01  5.0  0.42556  0.00291  0.42651
V58CG2-HG2  598.8 3.0e-01 -1.640e+03 3.1e+01  5.0  0.42206  0.00291  0.42649
V58CG2-HG2  598.8 3.0e-01 -1.610e+03 3.1e+01  5.0  0.43103  0.00291  0.42648
V58CG2-HG2  598.8 3.0e-01 -1.580e+03 3.1e+01  5.0  0.42239  0.00291  0.42646
V58CG2-HG2  598.8 3.0e-01 -1.550e+03 3.1e+01  5.0  0.42452  0.00291  0.42644
V58CG2-HG2  598.8 3.0e-01 -1.520e+03 3.1e+01  5.0  0.42741  0.00291  0.42642
V58CG2-HG2  598.8 3.0e-01 -1.490e+03 3.1e+01  5.0  0.41847  0.00291  0.42640
V58CG2-HG2  598.8 3.0e-01 -1.460e+03 3.1e+01  5.0  0.42224  0.00291  0.42638
V58CG2-HG2  598.8 3.0e-01 -1.430e+03 3.1e+01  5.0  0.43117  0.00291  0.42636
V58CG2-HG2  598.8 3.0e-01 -1.400e+03 3.1e+01  5.0  0.42259  0.00291  0.42634
V58CG2-HG2  598.8 3.0e-01 -1.370e+03 3.1e+01  5.0  0.43220  0.00291  0.42632
V58CG2-HG2  598.8 3.0e-01 -1.340e+03 3.1e+01  5.0  0.42079  0.00291  0.42629
V58CG2-HG2  598.8 3.0e-01 -1.310e+03 3.1e+01  5.0  0.42587  0.00291  0.42626
V58CG2-HG2  598.8 3.0e-01 -1.280e+03 3.1e+01  5.0  0.42642  0.00291  0.42624
V58CG2-HG2  598.8 3.0e-01 -1.280e+03 3.1e+01  5.0  0.43015  0.00291  0.42624
V58CG2-HG2  598.8 3.0e-01 -1.250e+03 3.1e+01  5.0  0.42450  0.00291  0.42621
V58CG2-HG2  598.8 3.0e-01 -1.250e+03 3.1e+01  5.0  0.42830  0.00291  0.42621
V58CG2-HG2  598.8 3.0e-01 -1.220e+03 3.1e+01  5.0  0.42334  0.00291  0.42618
V58CG2-HG2  598.8 3.0e-01 -1.220e+03 3.1e+01  5.0  0.42852  0.00291  0.42618
V58CG2-HG2  598.8 3.0e-01 -1.190e+03 3.1e+01  5.0  0.42232  0.00291  0.42614
V58CG2-HG2  598.8 3.0e-01 -1.160e+03 3.1e+01  5.0  0.42908  0.00291  0.42611
V58CG2-HG2  598.8 3.0e-01 -1.130e+03 3.1e+01  5.0  0.42583  0.00291  0.42607
V58CG2-HG2  598.8 3.0e-01 -1.100e+03 3.1e+01  5.0  0.41700  0.00291  0.42603
V58CG2-HG2  598.8 3.0e-01 -1.070e+03 3.1e+01  5.0  0.42659  0.00291  0.42599
V58CG2-HG2  598.8 3.0e-01 -1.040e+03 3.1e+01  5.0  0.43385  0.00291  0.42595
V58CG2-HG2  598.8 3.0e-01 -1.010e+03 3.1e+01  5.0  0.42572  0.00291  0.42590
V58CG2-HG2  598.8 3.0e-01 -9.800e+02 3.1e+01  5.0  0.42881  0.00291  0.42585
V58CG2-HG2  598.8 3.0e-01 -9.500e+02 3.1e+01  5.0  0.42302  0.00291  0.42580
V58CG2-HG2  598.8 3.0e-01 -9.200e+02 3.1e+01  5.0  0.42691  0.00291  0.42574
V58CG2-HG2  598.8 3.0e-01 -8.900e+02 3.1e+01  5.0  0.42654  0.00291  0.42568
V58CG2-HG2  598.8 3.0e-01 -8.600e+02 3.1e+01  5.0  0.43655  0.00291  0.42562
V58CG2-HG2  598.8 3.0e-01 -8.300e+02 3.1e+01  5.0  0.42681  0.00291  0.42555
V58CG2-HG2  598.8 3.0e-01 -8.000e+02 3.1e+01  5.0  0.42745  0.00291  0.42547
V58CG2-HG2  598.8 3.0e-01 -7.700e+02 3.1e+01  5.0  0.42251  0.00291  0.42539
V58CG2-HG2  598.8 3.0e-01 -7.400e+02 3.1e+01  5.0  0.41925  0.00291  0.42531
V58CG2-HG2  598.8 3.0e-01 -7.100e+02 3.1e+01  5.0  0.42728  0.00291  0.42521
V58CG2-HG2  598.8 3.0e-01 -6.800e+02 3.1e+01  5.0  0.42791  0.00291  0.42511
V58CG2-HG2  598.8 3.0e-01 -6.500e+02 3.1e+01  5.0  0.42521  0.00291  0.42500
V58CG2-HG2  598.8 3.0e-01 -6.200e+02 3.1e+01  5.0  0.42667  0.00291  0.42488
V58CG2-HG2  598.8 3.0e-01 -5.900e+02 3.1e+01  5.0  0.42967  0.00291  0.42475
V58CG2-HG2  598.8 3.0e-01 -5.600e+02 3.1e+01  5.0  0.43441  0.00291  0.42461
V58CG2-HG2  598.8 3.0e-01 -5.300e+02 3.1e+01  5.0  0.43196  0.00291  0.42445
V58CG2-HG2  598.8 3.0e-01 -5.000e+02 3.1e+01  5.0  0.42373  0.00291  0.42428
V58CG2-HG2  598.8 3.0e-01 -4.700e+02 3.1e+01  5.0  0.43143  0.00291  0.42409
V58CG2-HG2  598.8 3.0e-01 -4.400e+02 3.1e+01  5.0  0.42501  0.00291  0.42388
V58CG2-HG2  598.8 3.0e-01 -4.100e+02 3.1e+01  5.0  0.41527  0.00291  0.42365
V58CG2-HG2  598.8 3.0e-01 -3.800e+02 3.1e+01  5.0  0.42339  0.00291  0.42339
V58CG2-HG2  598.8 3.0e-01 -3.500e+02 3.1e+01  5.0  0.42644  0.00291  0.42310
V58CG2-HG2  598.8 3.0e-01 -3.200e+02 3.1e+01  5.0  0.42871  0.00291  0.42277
V58CG2-HG2  598.8 3.0e-01 -2.900e+02 3.1e+01  5.0  0.41795  0.00291  0.42240
V58CG2-HG2  598.8 3.0e-01 -2.600e+02 3.1e+01  5.0  0.42668  0.00291  0.42197
V58CG2-HG2  598.8 3.0e-01 -2.300e+02 3.1e+01  5.0  0.42006  0.00291  0.42149
V58CG2-HG2  598.8 3.0e-01 -2.000e+02 3.1e+01  5.0  0.41754  0.00291  0.42093
V58CG2-HG2  598.8 3.0e-01 -1.700e+02 3.1e+01  5.0  0.41692  0.00291  0.42028
V58CG2-HG2  598.8 3.0e-01 -1.400e+02 3.1e+01  5.0  0.42054  0.00291  0.41952
V58CG2-HG2  598.8 3.0e-01 -1.100e+02 3.1e+01  5.0  0.41053  0.00291  0.41862
V58CG2-HG2  598.8 3.0e-01 -8.000e+01 3.1e+01  5.0  0.41424  0.00291  0.41755
V58CG2-HG2  598.8 3.0e-01 -5.000e+01 3.1e+01  5.0  0.42527  0.00291  0.41624
V58CG2-HG2  598.8 3.0e-01 -2.000e+01 3.1e+01  5.0  0.41674  0.00291  0.41463
V58CG2-HG2  598.8 3.0e-01 1.000e+01 3.1e+01  5.0  0.41015  0.00291  0.41260
V58CG2-HG2  598.8 3.0e-01 4.000e+01 3.1e+01  5.0  0.42349  0.00291  0.40998
V58CG2-HG2  598.8 3.0e-01 7.000e+01 3.1e+01  5.0  0.39956  0.00291  0.40646
V58CG2-HG2  598.8 3.0e-01 1.000e+02 3.1e+01  5.0  0.39141  0.00291  0.40150
V58CG2-HG2  598.8 3.0e-01 1.300e+02 3.1e+01  5.0  0.39288  0.00291  0.39398
V58CG2-HG2  598.8 3.0e-01 1.600e+02 3.1e+01  5.0  0.37202  0.00291  0.38118
V58CG2-HG2  598.8 3.0e-01 1.900e+02 3.1e+01  5.0  0.35742  0.00291  0.35532
V58CG2-HG2  598.8 3.0e-01 2.200e+02 3.1e+01  5.0  0.30197  0.00291  0.29368
V58CG2-HG2  598.8 3.0e-01 2.500e+02 3.1e+01  5.0  0.20193  0.00291  0.20214
V58CG2-HG2  598.8 3.0e-01 2.800e+02 3.1e+01  5.0  0.21363  0.00291  0.21526
V58CG2-HG2  598.8 3.0e-01 3.100e+02 3.1e+01  5.0  0.22424  0.00291  0.22460
V58CG2-HG2  598.8 3.0e-01 3.400e+02 3.1e+01  5.0  0.18129  0.00291  0.18319
V58CG2-HG2  598.8 3.0e-01 3.700e+02 3.1e+01  5.0  0.09841  0.00291  0.09616
V58CG2-HG2  598.8 3.0e-01 4.000e+02 3.1e+01  5.0  0.01589  0.00291  0.01186
V58CG2-HG2  598.8 3.0e-01 4.300e+02 3.1e+01  5.0 -0.00477  0.00291 -0.00001
V58CG2-HG2  598.8 3.0e-01 4.600e+02 3.1e+01  5.0  0.01964  0.00291  0.01770
V58CG2-HG2  598.8 3.0e-01 4.900e+02 3.1e+01  5.0  0.12481  0.00291  0.12425
V58CG2-HG2  598.8 3.0e-01 5.200e+02 3.1e+01  5.0  0.23820  0.00291  0.23069
V58CG2-HG2  598.8 3.0e-01 5.500e+02 3.1e+01  5.0  0.29376  0.00291  0.29737
V58CG2-HG2  598.8 3.0e-01 5.800e+02 3.1e+01  5.0  0.34328  0.00291  0.33722
V58CG2-HG2  598.8 3.0e-01 6.100e+02 3.1e+01  5.0  0.35890  0.00291  0.36185
V58CG2-HG2  598.8 3.0e-01 6.400e+02 3.1e+01  5.0  0.37332  0.00291  0.37783
V58CG2-HG2  598.8 3.0e-01 6.700e+02 3.1e+01  5.0  0.38654  0.00291  0.38868
V58CG2-HG2  598.8 3.0e-01 7.000e+02 3.1e+01  5.0  0.39440  0.00291  0.39635
V58CG2-HG2  598.8 3.0e-01 7.300e+02 3.1e+01  5.0  0.40312  0.00291  0.40196
V58CG2-HG2  598.8 3.0e-01 7.600e+02 3.1e+01  5.0  0.40376  0.00291  0.40618
V58CG2-HG2  598.8 3.0e-01 7.900e+02 3.1e+01  5.0  0.41079  0.00291  0.40942
V58CG2-HG2  598.8 3.0e-01 8.200e+02 3.1e+01  5.0  0.40944  0.00291  0.41197
V58CG2-HG2  598.8 3.0e-01 8.500e+02 3.1e+01  5.0  0.41497  0.00291  0.41401
V58CG2-HG2  598.8 3.0e-01 8.800e+02 3.1e+01  5.0  0.42068  0.00291  0.41566
V58CG2-HG2  598.8 3.0e-01 9.100e+02 3.1e+01  5.0  0.42699  0.00291  0.41702
V58CG2-HG2  598.8 3.0e-01 9.400e+02 3.1e+01  5.0  0.41306  0.00291  0.41815
V58CG2-HG2  598.8 3.0e-01 9.700e+02 3.1e+01  5.0  0.41153  0.00291  0.41910
V58CG2-HG2  598.8 3.0e-01 1.000e+03 3.1e+01  5.0  0.41173  0.00291  0.41990
V58CG2-HG2  598.8 3.0e-01 1.030e+03 3.1e+01  5.0  0.43057  0.00291  0.42059
V58CG2-HG2  598.8 3.0e-01 1.060e+03 3.1e+01  5.0  0.41944  0.00291  0.42119
V58CG2-HG2  598.8 3.0e-01 1.090e+03 3.1e+01  5.0  0.42128  0.00291  0.42170
V58CG2-HG2  598.8 3.0e-01 1.120e+03 3.1e+01  5.0  0.41380  0.00291  0.42216
V58CG2-HG2  598.8 3.0e-01 1.150e+03 3.1e+01  5.0  0.42022  0.00291  0.42255
V58CG2-HG2  598.8 3.0e-01 1.180e+03 3.1e+01  5.0  0.41956  0.00291  0.42290
V58CG2-HG2  598.8 3.0e-01 1.210e+03 3.1e+01  5.0  0.42093  0.00291  0.42321
V58CG2-HG2  598.8 3.0e-01 1.240e+03 3.1e+01  5.0  0.41820  0.00291  0.42349
V58CG2-HG2  598.8 3.0e-01 1.270e+03 3.1e+01  5.0  0.42243  0.00291  0.42374
