i27cd1-i27hd1  800.0 2.0e-02    0 18.0  1.00000  0.00714    1.000
i27cd1-i27hd1  800.0 2.0e-02    1 18.0  0.32358  0.00579    0.312
i27cd1-i27hd1  800.0 2.0e-02   40 18.0  0.69309  0.00639    0.681
i27cd1-i27hd1  800.0 2.0e-02    2 18.0  0.42306  0.00592    0.437
i27cd1-i27hd1  800.0 2.0e-02   30 18.0  0.69373  0.00639    0.680
i27cd1-i27hd1  800.0 2.0e-02    3 18.0  0.49764  0.00603    0.521
i27cd1-i27hd1  800.0 2.0e-02   20 18.0  0.67911  0.00636    0.678
i27cd1-i27hd1  800.0 2.0e-02    4 18.0  0.56276  0.00614    0.571
i27cd1-i27hd1  800.0 2.0e-02   16 18.0  0.67827  0.00636    0.674
i27cd1-i27hd1  800.0 2.0e-02    5 18.0  0.59224  0.00619    0.602
i27cd1-i27hd1  800.0 2.0e-02   14 18.0  0.67654  0.00636    0.671
i27cd1-i27hd1  800.0 2.0e-02    6 18.0  0.62080  0.00625    0.622
i27cd1-i27hd1  800.0 2.0e-02   12 18.0  0.66715  0.00634    0.666
i27cd1-i27hd1  800.0 2.0e-02    7 18.0  0.63822  0.00628    0.636
i27cd1-i27hd1  800.0 2.0e-02   10 18.0  0.66156  0.00633    0.659
i27cd1-i27hd1  800.0 2.0e-02    8 18.0  0.64763  0.00630    0.646
i27cd1-i27hd1  800.0 2.0e-02    2 18.0  0.42320  0.00592    0.437
i27cd1-i27hd1  800.0 2.0e-02   30 18.0  0.68972  0.00638    0.680
l69cd1-l69hd1  800.0 2.0e-02    0 18.0  1.00000  0.00864    1.000
l69cd1-l69hd1  800.0 2.0e-02    1 18.0  0.64837  0.00811    0.639
l69cd1-l69hd1  800.0 2.0e-02   40 18.0  0.74160  0.00812    0.742
l69cd1-l69hd1  800.0 2.0e-02    2 18.0  0.67988  0.00811    0.683
l69cd1-l69hd1  800.0 2.0e-02   30 18.0  0.74636  0.00813    0.742
l69cd1-l69hd1  800.0 2.0e-02    3 18.0  0.70459  0.00811    0.706
l69cd1-l69hd1  800.0 2.0e-02   20 18.0  0.74199  0.00813    0.741
l69cd1-l69hd1  800.0 2.0e-02    4 18.0  0.72025  0.00811    0.719
l69cd1-l69hd1  800.0 2.0e-02   16 18.0  0.73786  0.00812    0.741
l69cd1-l69hd1  800.0 2.0e-02    5 18.0  0.72775  0.00811    0.726
l69cd1-l69hd1  800.0 2.0e-02   14 18.0  0.74331  0.00813    0.740
l69cd1-l69hd1  800.0 2.0e-02    6 18.0  0.73022  0.00811    0.731
l69cd1-l69hd1  800.0 2.0e-02   12 18.0  0.73576  0.00811    0.740
l69cd1-l69hd1  800.0 2.0e-02    7 18.0  0.73075  0.00811    0.734
l69cd1-l69hd1  800.0 2.0e-02   10 18.0  0.73829  0.00812    0.738
l69cd1-l69hd1  800.0 2.0e-02    8 18.0  0.73217  0.00811    0.736
l69cd1-l69hd1  800.0 2.0e-02    2 18.0  0.68544  0.00811    0.683
l69cd1-l69hd1  800.0 2.0e-02   30 18.0  0.73970  0.00812    0.742
m72ce-m72he  800.0 2.0e-02    0 18.0  1.00000  0.00589    1.000
m72ce-m72he  800.0 2.0e-02    1 18.0  0.61900  0.00589    0.609
m72ce-m72he  800.0 2.0e-02   40 18.0  0.71660  0.00589    0.712
m72ce-m72he  800.0 2.0e-02    2 18.0  0.65199  0.00589    0.652
m72ce-m72he  800.0 2.0e-02   30 18.0  0.71561  0.00589    0.712
m72ce-m72he  800.0 2.0e-02    3 18.0  0.66986  0.00589    0.675
m72ce-m72he  800.0 2.0e-02   20 18.0  0.71162  0.00589    0.711
m72ce-m72he  800.0 2.0e-02    4 18.0  0.68418  0.00589    0.688
m72ce-m72he  800.0 2.0e-02   16 18.0  0.71161  0.00589    0.711
m72ce-m72he  800.0 2.0e-02    5 18.0  0.69031  0.00589    0.696
m72ce-m72he  800.0 2.0e-02   14 18.0  0.70835  0.00589    0.711
m72ce-m72he  800.0 2.0e-02    6 18.0  0.69640  0.00589    0.700
m72ce-m72he  800.0 2.0e-02   12 18.0  0.70746  0.00589    0.710
m72ce-m72he  800.0 2.0e-02    7 18.0  0.70310  0.00589    0.704
m72ce-m72he  800.0 2.0e-02   10 18.0  0.70639  0.00589    0.708
m72ce-m72he  800.0 2.0e-02    8 18.0  0.70381  0.00589    0.706
m72ce-m72he  800.0 2.0e-02    2 18.0  0.65497  0.00589    0.652
m72ce-m72he  800.0 2.0e-02   30 18.0  0.71784  0.00589    0.712
