i27cd1-i27hd1  600.0 3.0e-02    0 18.0  1.00000  0.00243    1.000
i27cd1-i27hd1  600.0 3.0e-02    1 18.0  0.30503  0.00243    0.312
i27cd1-i27hd1  600.0 3.0e-02   60 18.0  0.58608  0.00243    0.585
i27cd1-i27hd1  600.0 3.0e-02    2 18.0  0.36850  0.00243    0.365
i27cd1-i27hd1  600.0 3.0e-02   50 18.0  0.58486  0.00243    0.585
i27cd1-i27hd1  600.0 3.0e-02    3 18.0  0.42271  0.00243    0.420
i27cd1-i27hd1  600.0 3.0e-02   40 18.0  0.58222  0.00243    0.585
i27cd1-i27hd1  600.0 3.0e-02    4 18.0  0.46515  0.00243    0.460
i27cd1-i27hd1  600.0 3.0e-02   34 18.0  0.58117  0.00243    0.584
i27cd1-i27hd1  600.0 3.0e-02    6 18.0  0.51343  0.00243    0.510
i27cd1-i27hd1  600.0 3.0e-02   30 18.0  0.58175  0.00243    0.583
i27cd1-i27hd1  600.0 3.0e-02    8 18.0  0.53732  0.00243    0.536
i27cd1-i27hd1  600.0 3.0e-02   26 18.0  0.57970  0.00243    0.581
i27cd1-i27hd1  600.0 3.0e-02   10 18.0  0.54828  0.00243    0.551
i27cd1-i27hd1  600.0 3.0e-02   22 18.0  0.57702  0.00243    0.578
i27cd1-i27hd1  600.0 3.0e-02   18 18.0  0.57270  0.00243    0.573
i27cd1-i27hd1  600.0 3.0e-02   14 18.0  0.56406  0.00243    0.565
i27cd1-i27hd1  600.0 3.0e-02   40 18.0  0.58527  0.00243    0.585
i27cd1-i27hd1  600.0 3.0e-02    2 18.0  0.36879  0.00243    0.365
l69cd1-l69hd1  600.0 3.0e-02    0 18.0  1.00000  0.00520    1.000
l69cd1-l69hd1  600.0 3.0e-02    1 18.0  0.56260  0.00428    0.561
l69cd1-l69hd1  600.0 3.0e-02   60 18.0  0.64406  0.00430    0.639
l69cd1-l69hd1  600.0 3.0e-02    2 18.0  0.57799  0.00428    0.580
l69cd1-l69hd1  600.0 3.0e-02   50 18.0  0.64222  0.00429    0.639
l69cd1-l69hd1  600.0 3.0e-02    3 18.0  0.59603  0.00428    0.598
l69cd1-l69hd1  600.0 3.0e-02   40 18.0  0.64063  0.00429    0.640
l69cd1-l69hd1  600.0 3.0e-02    4 18.0  0.60723  0.00428    0.610
l69cd1-l69hd1  600.0 3.0e-02   34 18.0  0.64053  0.00429    0.640
l69cd1-l69hd1  600.0 3.0e-02    6 18.0  0.62139  0.00428    0.622
l69cd1-l69hd1  600.0 3.0e-02   30 18.0  0.63930  0.00429    0.640
l69cd1-l69hd1  600.0 3.0e-02    8 18.0  0.62605  0.00428    0.628
l69cd1-l69hd1  600.0 3.0e-02   26 18.0  0.64002  0.00429    0.640
l69cd1-l69hd1  600.0 3.0e-02   10 18.0  0.63094  0.00428    0.632
l69cd1-l69hd1  600.0 3.0e-02   22 18.0  0.63933  0.00429    0.639
l69cd1-l69hd1  600.0 3.0e-02   18 18.0  0.63712  0.00428    0.639
l69cd1-l69hd1  600.0 3.0e-02   14 18.0  0.63693  0.00428    0.637
l69cd1-l69hd1  600.0 3.0e-02   40 18.0  0.64137  0.00429    0.640
l69cd1-l69hd1  600.0 3.0e-02    2 18.0  0.58060  0.00428    0.580
m72ce-m72he  600.0 3.0e-02    0 18.0  1.00000  0.00367    1.000
m72ce-m72he  600.0 3.0e-02    1 18.0  0.52330  0.00282    0.524
m72ce-m72he  600.0 3.0e-02   60 18.0  0.60337  0.00294    0.597
m72ce-m72he  600.0 3.0e-02    2 18.0  0.54464  0.00285    0.543
m72ce-m72he  600.0 3.0e-02   50 18.0  0.60198  0.00294    0.597
m72ce-m72he  600.0 3.0e-02    3 18.0  0.55978  0.00287    0.560
m72ce-m72he  600.0 3.0e-02   40 18.0  0.59979  0.00293    0.597
m72ce-m72he  600.0 3.0e-02    4 18.0  0.56860  0.00288    0.571
m72ce-m72he  600.0 3.0e-02   34 18.0  0.59785  0.00293    0.597
m72ce-m72he  600.0 3.0e-02    6 18.0  0.57782  0.00290    0.582
m72ce-m72he  600.0 3.0e-02   30 18.0  0.59788  0.00293    0.597
m72ce-m72he  600.0 3.0e-02    8 18.0  0.58313  0.00291    0.588
m72ce-m72he  600.0 3.0e-02   26 18.0  0.59615  0.00293    0.597
m72ce-m72he  600.0 3.0e-02   10 18.0  0.58706  0.00291    0.591
m72ce-m72he  600.0 3.0e-02   22 18.0  0.59679  0.00293    0.596
m72ce-m72he  600.0 3.0e-02   18 18.0  0.59536  0.00293    0.595
m72ce-m72he  600.0 3.0e-02   14 18.0  0.59002  0.00292    0.594
m72ce-m72he  600.0 3.0e-02   40 18.0  0.60064  0.00293    0.597
m72ce-m72he  600.0 3.0e-02    2 18.0  0.54412  0.00285    0.543
