i125cd1-qd1  800.0 2.0e-02    0 18.0 Y      1.00000    0.00382    1.00000
i125cd1-qd1  800.0 2.0e-02    1 18.0 Y      0.59162    0.00364    0.58598
i125cd1-qd1  800.0 2.0e-02   20 18.0 Y      0.73411    0.00364    0.71931
i125cd1-qd1  800.0 2.0e-02    2 18.0 Y      0.62420    0.00364    0.62663
i125cd1-qd1  800.0 2.0e-02   18 18.0 Y      0.72400    0.00364    0.71877
i125cd1-qd1  800.0 2.0e-02    3 18.0 Y      0.65385    0.00364    0.65819
i125cd1-qd1  800.0 2.0e-02   16 18.0 Y      0.72722    0.00364    0.71803
i125cd1-qd1  800.0 2.0e-02    4 18.0 Y      0.66914    0.00364    0.67843
i125cd1-qd1  800.0 2.0e-02   14 18.0 Y      0.71995    0.00364    0.71696
i125cd1-qd1  800.0 2.0e-02    5 18.0 Y      0.67347    0.00364    0.69102
i125cd1-qd1  800.0 2.0e-02   12 18.0 Y      0.71586    0.00364    0.71533
i125cd1-qd1  800.0 2.0e-02    6 18.0 Y      0.69478    0.00364    0.69907
i125cd1-qd1  800.0 2.0e-02   11 18.0 Y      0.71061    0.00364    0.71419
i125cd1-qd1  800.0 2.0e-02    7 18.0 Y      0.70017    0.00364    0.70441
i125cd1-qd1  800.0 2.0e-02   10 18.0 Y      0.70996    0.00364    0.71271
i125cd1-qd1  800.0 2.0e-02    8 18.0 Y      0.70500    0.00364    0.70811
i125cd1-qd1  800.0 2.0e-02    9 18.0 Y      0.70730    0.00364    0.71076
i125cd1-qd1  800.0 2.0e-02   20 18.0 Y      0.72918    0.00364    0.71931
i125cd1-qd1  800.0 2.0e-02    2 18.0 Y      0.63307    0.00364    0.62663
m145ce-qe  800.0 2.0e-02    0 18.0 Y      1.00000    0.00408    1.00000
m145ce-qe  800.0 2.0e-02    1 18.0 Y      0.51925    0.00408    0.53074
m145ce-qe  800.0 2.0e-02   20 18.0 Y      0.67455    0.00408    0.67444
m145ce-qe  800.0 2.0e-02    2 18.0 Y      0.56314    0.00408    0.57293
m145ce-qe  800.0 2.0e-02   18 18.0 Y      0.67873    0.00408    0.67383
m145ce-qe  800.0 2.0e-02    3 18.0 Y      0.61626    0.00408    0.60685
m145ce-qe  800.0 2.0e-02   16 18.0 Y      0.67668    0.00408    0.67300
m145ce-qe  800.0 2.0e-02    4 18.0 Y      0.62066    0.00408    0.62899
m145ce-qe  800.0 2.0e-02   14 18.0 Y      0.67089    0.00408    0.67180
m145ce-qe  800.0 2.0e-02    5 18.0 Y      0.64653    0.00408    0.64289
m145ce-qe  800.0 2.0e-02   12 18.0 Y      0.66680    0.00408    0.66998
m145ce-qe  800.0 2.0e-02    6 18.0 Y      0.65381    0.00408    0.65182
m145ce-qe  800.0 2.0e-02   11 18.0 Y      0.65628    0.00408    0.66870
m145ce-qe  800.0 2.0e-02    7 18.0 Y      0.66018    0.00408    0.65777
m145ce-qe  800.0 2.0e-02   10 18.0 Y      0.66464    0.00408    0.66704
m145ce-qe  800.0 2.0e-02    8 18.0 Y      0.66411    0.00408    0.66190
m145ce-qe  800.0 2.0e-02    9 18.0 Y      0.67550    0.00408    0.66486
m145ce-qe  800.0 2.0e-02   20 18.0 Y      0.67890    0.00408    0.67444
m145ce-qe  800.0 2.0e-02    2 18.0 Y      0.57512    0.00408    0.57293
m71ce-qe  800.0 2.0e-02    0 18.0 Y      1.00000    0.00388    1.00000
m71ce-qe  800.0 2.0e-02    1 18.0 Y      0.65263    0.00388    0.66014
m71ce-qe  800.0 2.0e-02   20 18.0 Y      0.80333    0.00388    0.80323
m71ce-qe  800.0 2.0e-02    2 18.0 Y      0.71396    0.00388    0.70417
m71ce-qe  800.0 2.0e-02   18 18.0 Y      0.80357    0.00388    0.80266
m71ce-qe  800.0 2.0e-02    3 18.0 Y      0.74172    0.00388    0.73806
m71ce-qe  800.0 2.0e-02   16 18.0 Y      0.79871    0.00388    0.80187
m71ce-qe  800.0 2.0e-02    4 18.0 Y      0.77037    0.00388    0.75970
m71ce-qe  800.0 2.0e-02   14 18.0 Y      0.78782    0.00388    0.80073
m71ce-qe  800.0 2.0e-02    5 18.0 Y      0.77727    0.00388    0.77313
m71ce-qe  800.0 2.0e-02   12 18.0 Y      0.78932    0.00388    0.79901
m71ce-qe  800.0 2.0e-02    6 18.0 Y      0.77947    0.00388    0.78170
m71ce-qe  800.0 2.0e-02   11 18.0 Y      0.78324    0.00388    0.79779
m71ce-qe  800.0 2.0e-02    7 18.0 Y      0.78902    0.00388    0.78740
m71ce-qe  800.0 2.0e-02   10 18.0 Y      0.80194    0.00388    0.79622
m71ce-qe  800.0 2.0e-02    8 18.0 Y      0.78926    0.00388    0.79133
m71ce-qe  800.0 2.0e-02    9 18.0 Y      0.79817    0.00388    0.79415
m71ce-qe  800.0 2.0e-02   20 18.0 Y      0.79799    0.00388    0.80323
m71ce-qe  800.0 2.0e-02    2 18.0 Y      0.72413    0.00388    0.70417
