i125cd1-qd1  600.0 3.0e-02    0 18.0 Y      1.00000    0.00286    1.00000
i125cd1-qd1  600.0 3.0e-02    1 18.0 Y      0.54169    0.00180    0.53779
i125cd1-qd1  600.0 3.0e-02    2 18.0 Y      0.56306    0.00184    0.56419
i125cd1-qd1  600.0 3.0e-02    3 18.0 Y      0.58649    0.00189    0.58855
i125cd1-qd1  600.0 3.0e-02    4 18.0 Y      0.60394    0.00193    0.60803
i125cd1-qd1  600.0 3.0e-02    5 18.0 Y      0.61517    0.00195    0.62230
i125cd1-qd1  600.0 3.0e-02    6 18.0 Y      0.62436    0.00196    0.63250
i125cd1-qd1  600.0 3.0e-02    8 18.0 Y      0.63889    0.00199    0.64515
i125cd1-qd1  600.0 3.0e-02   10 18.0 Y      0.64610    0.00201    0.65212
i125cd1-qd1  600.0 3.0e-02   12 18.0 Y      0.65093    0.00202    0.65627
i125cd1-qd1  600.0 3.0e-02   14 18.0 Y      0.65487    0.00202    0.65891
i125cd1-qd1  600.0 3.0e-02   16 18.0 Y      0.66117    0.00204    0.66069
i125cd1-qd1  600.0 3.0e-02   18 18.0 Y      0.66219    0.00204    0.66193
i125cd1-qd1  600.0 3.0e-02   20 18.0 Y      0.66339    0.00204    0.66284
i125cd1-qd1  600.0 3.0e-02   22 18.0 Y      0.67018    0.00205    0.66352
i125cd1-qd1  600.0 3.0e-02   24 18.0 Y      0.67087    0.00205    0.66404
i125cd1-qd1  600.0 3.0e-02   26 18.0 Y      0.66884    0.00205    0.66444
i125cd1-qd1  600.0 3.0e-02   30 18.0 Y      0.67077    0.00205    0.66503
i125cd1-qd1  600.0 3.0e-02    1 18.0 Y      0.54521    0.00181    0.53779
i125cd1-qd1  600.0 3.0e-02   30 18.0 Y      0.67399    0.00206    0.66503
m145ce-qe  600.0 3.0e-02    0 18.0 Y      1.00000    0.00201    1.00000
m145ce-qe  600.0 3.0e-02    1 18.0 Y      0.47147    0.00201    0.46877
m145ce-qe  600.0 3.0e-02    2 18.0 Y      0.49229    0.00201    0.49536
m145ce-qe  600.0 3.0e-02    3 18.0 Y      0.51817    0.00201    0.52044
m145ce-qe  600.0 3.0e-02    4 18.0 Y      0.54081    0.00201    0.54085
m145ce-qe  600.0 3.0e-02    5 18.0 Y      0.55128    0.00201    0.55595
m145ce-qe  600.0 3.0e-02    6 18.0 Y      0.56283    0.00201    0.56681
m145ce-qe  600.0 3.0e-02    8 18.0 Y      0.58400    0.00201    0.58036
m145ce-qe  600.0 3.0e-02   10 18.0 Y      0.58608    0.00201    0.58787
m145ce-qe  600.0 3.0e-02   12 18.0 Y      0.58910    0.00201    0.59234
m145ce-qe  600.0 3.0e-02   14 18.0 Y      0.59218    0.00201    0.59520
m145ce-qe  600.0 3.0e-02   16 18.0 Y      0.59907    0.00201    0.59712
m145ce-qe  600.0 3.0e-02   18 18.0 Y      0.59771    0.00201    0.59847
m145ce-qe  600.0 3.0e-02   20 18.0 Y      0.59787    0.00201    0.59945
m145ce-qe  600.0 3.0e-02   22 18.0 Y      0.60223    0.00201    0.60018
m145ce-qe  600.0 3.0e-02   24 18.0 Y      0.59827    0.00201    0.60074
m145ce-qe  600.0 3.0e-02   26 18.0 Y      0.60334    0.00201    0.60118
m145ce-qe  600.0 3.0e-02   30 18.0 Y      0.60681    0.00201    0.60182
m145ce-qe  600.0 3.0e-02    1 18.0 Y      0.47683    0.00201    0.46877
m145ce-qe  600.0 3.0e-02   30 18.0 Y      0.60412    0.00201    0.60182
m71ce-qe  600.0 3.0e-02    0 18.0 Y      1.00000    0.00206    1.00000
m71ce-qe  600.0 3.0e-02    1 18.0 Y      0.58193    0.00206    0.59698
m71ce-qe  600.0 3.0e-02    2 18.0 Y      0.62277    0.00206    0.62510
m71ce-qe  600.0 3.0e-02    3 18.0 Y      0.66436    0.00206    0.65090
m71ce-qe  600.0 3.0e-02    4 18.0 Y      0.68135    0.00206    0.67145
m71ce-qe  600.0 3.0e-02    5 18.0 Y      0.69425    0.00206    0.68647
m71ce-qe  600.0 3.0e-02    6 18.0 Y      0.70960    0.00206    0.69718
m71ce-qe  600.0 3.0e-02    8 18.0 Y      0.71396    0.00206    0.71045
m71ce-qe  600.0 3.0e-02   10 18.0 Y      0.71812    0.00206    0.71776
m71ce-qe  600.0 3.0e-02   12 18.0 Y      0.71912    0.00206    0.72211
m71ce-qe  600.0 3.0e-02   14 18.0 Y      0.71949    0.00206    0.72487
m71ce-qe  600.0 3.0e-02   16 18.0 Y      0.72306    0.00206    0.72673
m71ce-qe  600.0 3.0e-02   18 18.0 Y      0.72588    0.00206    0.72803
m71ce-qe  600.0 3.0e-02   20 18.0 Y      0.72505    0.00206    0.72898
m71ce-qe  600.0 3.0e-02   22 18.0 Y      0.72675    0.00206    0.72969
m71ce-qe  600.0 3.0e-02   24 18.0 Y      0.73082    0.00206    0.73023
m71ce-qe  600.0 3.0e-02   26 18.0 Y      0.73105    0.00206    0.73066
m71ce-qe  600.0 3.0e-02   30 18.0 Y      0.73130    0.00206    0.73127
m71ce-qe  600.0 3.0e-02    1 18.0 Y      0.58750    0.00206    0.59698
m71ce-qe  600.0 3.0e-02   30 18.0 Y      0.72924    0.00206    0.73127
