8N-HN   500.0 3.0e-02    0 25.0    1.00000    0.00434    1.00000
8N-HN   500.0 3.0e-02   30 25.0    0.88344    0.00413    0.88007
8N-HN   500.0 3.0e-02    1 25.0    0.75092    0.00411    0.74917
8N-HN   500.0 3.0e-02   28 25.0    0.87878    0.00412    0.87993
8N-HN   500.0 3.0e-02    2 25.0    0.78608    0.00411    0.78967
8N-HN   500.0 3.0e-02   26 25.0    0.87282    0.00411    0.87976
8N-HN   500.0 3.0e-02    3 25.0    0.81878    0.00411    0.82107
8N-HN   500.0 3.0e-02   24 25.0    0.87715    0.00412    0.87955
8N-HN   500.0 3.0e-02    4 25.0    0.83521    0.00411    0.84072
8N-HN   500.0 3.0e-02   22 25.0    0.88288    0.00413    0.87927
8N-HN   500.0 3.0e-02    5 25.0    0.85356    0.00411    0.85270
8N-HN   500.0 3.0e-02   20 25.0    0.88196    0.00413    0.87891
8N-HN   500.0 3.0e-02    6 25.0    0.86593    0.00411    0.86026
8N-HN   500.0 3.0e-02   18 25.0    0.87872    0.00412    0.87842
8N-HN   500.0 3.0e-02    7 25.0    0.86672    0.00411    0.86524
8N-HN   500.0 3.0e-02   16 25.0    0.87570    0.00412    0.87774
8N-HN   500.0 3.0e-02    8 25.0    0.86900    0.00411    0.86866
8N-HN   500.0 3.0e-02   14 25.0    0.87724    0.00412    0.87677
8N-HN   500.0 3.0e-02    9 25.0    0.87327    0.00412    0.87110
8N-HN   500.0 3.0e-02   13 25.0    0.87108    0.00411    0.87611
8N-HN   500.0 3.0e-02   10 25.0    0.87533    0.00412    0.87289
8N-HN   500.0 3.0e-02   12 25.0    0.87472    0.00412    0.87529
8N-HN   500.0 3.0e-02   11 25.0    0.87678    0.00412    0.87424
8N-HN   500.0 3.0e-02    2 25.0    0.78994    0.00411    0.78967
8N-HN   500.0 3.0e-02   28 25.0    0.87614    0.00412    0.87993
8N-HN   500.0 3.0e-02    8 25.0    0.87353    0.00412    0.86866
9N-HN   500.0 3.0e-02    0 25.0    1.00000    0.00449    1.00000
9N-HN   500.0 3.0e-02   30 25.0    0.88186    0.00429    0.88257
9N-HN   500.0 3.0e-02    1 25.0    0.85566    0.00425    0.86225
9N-HN   500.0 3.0e-02   28 25.0    0.88649    0.00429    0.88255
9N-HN   500.0 3.0e-02    2 25.0    0.86896    0.00427    0.86961
9N-HN   500.0 3.0e-02   26 25.0    0.88030    0.00428    0.88253
9N-HN   500.0 3.0e-02    3 25.0    0.87864    0.00428    0.87447
9N-HN   500.0 3.0e-02   24 25.0    0.88545    0.00429    0.88250
9N-HN   500.0 3.0e-02    4 25.0    0.87820    0.00428    0.87729
9N-HN   500.0 3.0e-02   22 25.0    0.88062    0.00429    0.88247
9N-HN   500.0 3.0e-02    5 25.0    0.88087    0.00429    0.87894
9N-HN   500.0 3.0e-02   20 25.0    0.88314    0.00429    0.88242
9N-HN   500.0 3.0e-02    6 25.0    0.88088    0.00429    0.87996
9N-HN   500.0 3.0e-02   18 25.0    0.88276    0.00429    0.88236
9N-HN   500.0 3.0e-02    7 25.0    0.88257    0.00429    0.88063
9N-HN   500.0 3.0e-02   16 25.0    0.88240    0.00429    0.88227
9N-HN   500.0 3.0e-02    8 25.0    0.87905    0.00428    0.88108
9N-HN   500.0 3.0e-02   14 25.0    0.88288    0.00429    0.88214
9N-HN   500.0 3.0e-02    9 25.0    0.88329    0.00429    0.88140
9N-HN   500.0 3.0e-02   13 25.0    0.87942    0.00428    0.88206
9N-HN   500.0 3.0e-02   10 25.0    0.88386    0.00429    0.88164
9N-HN   500.0 3.0e-02   12 25.0    0.88186    0.00429    0.88195
9N-HN   500.0 3.0e-02   11 25.0    0.88471    0.00429    0.88181
9N-HN   500.0 3.0e-02    2 25.0    0.86794    0.00426    0.86961
9N-HN   500.0 3.0e-02   28 25.0    0.87892    0.00428    0.88255
9N-HN   500.0 3.0e-02    8 25.0    0.87754    0.00428    0.88108
10N-HN  500.0 3.0e-02    0 25.0    1.00000    0.00339    1.00000
10N-HN  500.0 3.0e-02   30 25.0    0.87774    0.00339    0.87735
10N-HN  500.0 3.0e-02    1 25.0    0.81288    0.00339    0.81289
10N-HN  500.0 3.0e-02   28 25.0    0.88001    0.00339    0.87729
10N-HN  500.0 3.0e-02    2 25.0    0.83595    0.00339    0.83499
10N-HN  500.0 3.0e-02   26 25.0    0.87695    0.00339    0.87721
10N-HN  500.0 3.0e-02    3 25.0    0.84767    0.00339    0.85045
10N-HN  500.0 3.0e-02   24 25.0    0.87297    0.00339    0.87712
10N-HN  500.0 3.0e-02    4 25.0    0.85931    0.00339    0.85966
10N-HN  500.0 3.0e-02   22 25.0    0.88170    0.00339    0.87700
10N-HN  500.0 3.0e-02    5 25.0    0.86547    0.00339    0.86515
10N-HN  500.0 3.0e-02   20 25.0    0.87293    0.00339    0.87684
10N-HN  500.0 3.0e-02    6 25.0    0.87212    0.00339    0.86856
10N-HN  500.0 3.0e-02   18 25.0    0.87825    0.00339    0.87662
10N-HN  500.0 3.0e-02    7 25.0    0.87100    0.00339    0.87079
10N-HN  500.0 3.0e-02   16 25.0    0.87706    0.00339    0.87633
10N-HN  500.0 3.0e-02    8 25.0    0.86828    0.00339    0.87231
10N-HN  500.0 3.0e-02   14 25.0    0.87459    0.00339    0.87590
10N-HN  500.0 3.0e-02    9 25.0    0.87682    0.00339    0.87339
10N-HN  500.0 3.0e-02   13 25.0    0.87783    0.00339    0.87561
10N-HN  500.0 3.0e-02   10 25.0    0.87270    0.00339    0.87419
10N-HN  500.0 3.0e-02   12 25.0    0.87582    0.00339    0.87524
10N-HN  500.0 3.0e-02   11 25.0    0.87384    0.00339    0.87478
10N-HN  500.0 3.0e-02    2 25.0    0.83762    0.00339    0.83499
10N-HN  500.0 3.0e-02   28 25.0    0.87358    0.00339    0.87729
10N-HN  500.0 3.0e-02    8 25.0    0.87125    0.00339    0.87231
11N-HN  500.0 3.0e-02    0 25.0    1.00000    0.00316    1.00000
11N-HN  500.0 3.0e-02   30 25.0    0.87882    0.00316    0.88147
11N-HN  500.0 3.0e-02    1 25.0    0.85638    0.00316    0.85538
11N-HN  500.0 3.0e-02   28 25.0    0.88219    0.00316    0.88145
11N-HN  500.0 3.0e-02    2 25.0    0.86283    0.00316    0.86477
11N-HN  500.0 3.0e-02   26 25.0    0.87738    0.00316    0.88142
11N-HN  500.0 3.0e-02    3 25.0    0.87051    0.00316    0.87101
11N-HN  500.0 3.0e-02   24 25.0    0.88222    0.00316    0.88138
11N-HN  500.0 3.0e-02    4 25.0    0.87481    0.00316    0.87464
11N-HN  500.0 3.0e-02   22 25.0    0.87922    0.00316    0.88134
11N-HN  500.0 3.0e-02    5 25.0    0.87640    0.00316    0.87678
11N-HN  500.0 3.0e-02   20 25.0    0.88293    0.00316    0.88127
11N-HN  500.0 3.0e-02    6 25.0    0.88042    0.00316    0.87810
11N-HN  500.0 3.0e-02   18 25.0    0.88093    0.00316    0.88119
11N-HN  500.0 3.0e-02    7 25.0    0.88004    0.00316    0.87896
11N-HN  500.0 3.0e-02   16 25.0    0.88717    0.00316    0.88108
11N-HN  500.0 3.0e-02    8 25.0    0.87845    0.00316    0.87954
11N-HN  500.0 3.0e-02   14 25.0    0.88169    0.00316    0.88092
11N-HN  500.0 3.0e-02    9 25.0    0.88032    0.00316    0.87996
11N-HN  500.0 3.0e-02   13 25.0    0.88093    0.00316    0.88080
11N-HN  500.0 3.0e-02   10 25.0    0.88579    0.00316    0.88026
11N-HN  500.0 3.0e-02   12 25.0    0.88066    0.00316    0.88067
11N-HN  500.0 3.0e-02   11 25.0    0.87832    0.00316    0.88049
11N-HN  500.0 3.0e-02    2 25.0    0.86091    0.00316    0.86477
11N-HN  500.0 3.0e-02   28 25.0    0.88238    0.00316    0.88145
11N-HN  500.0 3.0e-02    8 25.0    0.87687    0.00316    0.87954
12N-HN  500.0 3.0e-02    0 25.0    1.00000    0.00342    1.00000
12N-HN  500.0 3.0e-02   30 25.0    0.88076    0.00321    0.88234
12N-HN  500.0 3.0e-02    1 25.0    0.86742    0.00315    0.86492
12N-HN  500.0 3.0e-02   28 25.0    0.88168    0.00321    0.88233
12N-HN  500.0 3.0e-02    2 25.0    0.86858    0.00315    0.87125
12N-HN  500.0 3.0e-02   26 25.0    0.88242    0.00321    0.88231
12N-HN  500.0 3.0e-02    3 25.0    0.87997    0.00317    0.87542
12N-HN  500.0 3.0e-02   24 25.0    0.88339    0.00321    0.88228
12N-HN  500.0 3.0e-02    4 25.0    0.87459    0.00316    0.87783
12N-HN  500.0 3.0e-02   22 25.0    0.87916    0.00321    0.88225
12N-HN  500.0 3.0e-02    5 25.0    0.87961    0.00317    0.87924
12N-HN  500.0 3.0e-02   20 25.0    0.88161    0.00320    0.88221
12N-HN  500.0 3.0e-02    6 25.0    0.88323    0.00317    0.88012
12N-HN  500.0 3.0e-02   18 25.0    0.88180    0.00320    0.88216
12N-HN  500.0 3.0e-02    7 25.0    0.87955    0.00317    0.88068
12N-HN  500.0 3.0e-02   16 25.0    0.87781    0.00319    0.88209
12N-HN  500.0 3.0e-02    8 25.0    0.88603    0.00318    0.88107
12N-HN  500.0 3.0e-02   14 25.0    0.88667    0.00320    0.88198
12N-HN  500.0 3.0e-02    9 25.0    0.87962    0.00318    0.88134
12N-HN  500.0 3.0e-02   13 25.0    0.88299    0.00320    0.88190
12N-HN  500.0 3.0e-02   10 25.0    0.88167    0.00318    0.88155
12N-HN  500.0 3.0e-02   12 25.0    0.88176    0.00319    0.88181
12N-HN  500.0 3.0e-02   11 25.0    0.88108    0.00318    0.88170
12N-HN  500.0 3.0e-02    2 25.0    0.86826    0.00315    0.87125
12N-HN  500.0 3.0e-02   28 25.0    0.88283    0.00321    0.88233
12N-HN  500.0 3.0e-02    8 25.0    0.88099    0.00317    0.88107
13N-HN  500.0 3.0e-02    0 25.0    1.00000    0.00403    1.00000
13N-HN  500.0 3.0e-02   30 25.0    0.88071    0.00403    0.88027
13N-HN  500.0 3.0e-02    1 25.0    0.86131    0.00403    0.86021
13N-HN  500.0 3.0e-02   28 25.0    0.87937    0.00403    0.88025
13N-HN  500.0 3.0e-02    2 25.0    0.86197    0.00403    0.86748
13N-HN  500.0 3.0e-02   26 25.0    0.87658    0.00403    0.88023
13N-HN  500.0 3.0e-02    3 25.0    0.86875    0.00403    0.87228
13N-HN  500.0 3.0e-02   24 25.0    0.88071    0.00403    0.88020
13N-HN  500.0 3.0e-02    4 25.0    0.87913    0.00403    0.87506
13N-HN  500.0 3.0e-02   22 25.0    0.87473    0.00403    0.88017
13N-HN  500.0 3.0e-02    5 25.0    0.87733    0.00403    0.87669
13N-HN  500.0 3.0e-02   20 25.0    0.87774    0.00403    0.88012
13N-HN  500.0 3.0e-02    6 25.0    0.87595    0.00403    0.87770
13N-HN  500.0 3.0e-02   18 25.0    0.88165    0.00403    0.88006
13N-HN  500.0 3.0e-02    7 25.0    0.88102    0.00403    0.87835
13N-HN  500.0 3.0e-02   16 25.0    0.88022    0.00403    0.87997
13N-HN  500.0 3.0e-02    8 25.0    0.88330    0.00403    0.87880
13N-HN  500.0 3.0e-02   14 25.0    0.88624    0.00403    0.87985
13N-HN  500.0 3.0e-02    9 25.0    0.88197    0.00403    0.87912
13N-HN  500.0 3.0e-02   13 25.0    0.87631    0.00403    0.87976
13N-HN  500.0 3.0e-02   10 25.0    0.88020    0.00403    0.87935
13N-HN  500.0 3.0e-02   12 25.0    0.87875    0.00403    0.87966
13N-HN  500.0 3.0e-02   11 25.0    0.88300    0.00403    0.87952
13N-HN  500.0 3.0e-02    2 25.0    0.87166    0.00403    0.86748
13N-HN  500.0 3.0e-02   28 25.0    0.87452    0.00403    0.88025
13N-HN  500.0 3.0e-02    8 25.0    0.87850    0.00403    0.87880
14N-HN  500.0 3.0e-02    0 25.0    1.00000    0.00332    1.00000
14N-HN  500.0 3.0e-02   30 25.0    0.89976    0.00332    0.90218
14N-HN  500.0 3.0e-02    1 25.0    0.71086    0.00332    0.71027
14N-HN  500.0 3.0e-02   28 25.0    0.90348    0.00332    0.90195
14N-HN  500.0 3.0e-02    2 25.0    0.75887    0.00332    0.76317
14N-HN  500.0 3.0e-02   26 25.0    0.90106    0.00332    0.90167
14N-HN  500.0 3.0e-02    3 25.0    0.80925    0.00332    0.80882
14N-HN  500.0 3.0e-02   24 25.0    0.89903    0.00332    0.90131
14N-HN  500.0 3.0e-02    4 25.0    0.84096    0.00332    0.83897
14N-HN  500.0 3.0e-02   22 25.0    0.89819    0.00332    0.90085
14N-HN  500.0 3.0e-02    5 25.0    0.86328    0.00332    0.85783
14N-HN  500.0 3.0e-02   20 25.0    0.90056    0.00332    0.90026
14N-HN  500.0 3.0e-02    6 25.0    0.87317    0.00332    0.86990
14N-HN  500.0 3.0e-02   18 25.0    0.90170    0.00332    0.89945
14N-HN  500.0 3.0e-02    7 25.0    0.87996    0.00332    0.87793
14N-HN  500.0 3.0e-02   16 25.0    0.89801    0.00332    0.89834
14N-HN  500.0 3.0e-02    8 25.0    0.88182    0.00332    0.88348
14N-HN  500.0 3.0e-02   14 25.0    0.89280    0.00332    0.89673
14N-HN  500.0 3.0e-02    9 25.0    0.88286    0.00332    0.88745
14N-HN  500.0 3.0e-02   13 25.0    0.89947    0.00332    0.89565
14N-HN  500.0 3.0e-02   10 25.0    0.89415    0.00332    0.89038
14N-HN  500.0 3.0e-02   12 25.0    0.89186    0.00332    0.89430
14N-HN  500.0 3.0e-02   11 25.0    0.89687    0.00332    0.89259
14N-HN  500.0 3.0e-02    2 25.0    0.76629    0.00332    0.76317
14N-HN  500.0 3.0e-02   28 25.0    0.89644    0.00332    0.90195
14N-HN  500.0 3.0e-02    8 25.0    0.88190    0.00332    0.88348
15N-HN  500.0 3.0e-02    0 25.0    1.00000    0.00808    1.00000
15N-HN  500.0 3.0e-02   30 25.0    0.88149    0.00757    0.88088
15N-HN  500.0 3.0e-02    1 25.0    0.52220    0.00630    0.52782
15N-HN  500.0 3.0e-02   28 25.0    0.88499    0.00759    0.88014
15N-HN  500.0 3.0e-02    2 25.0    0.58248    0.00648    0.57465
15N-HN  500.0 3.0e-02   26 25.0    0.87945    0.00757    0.87922
15N-HN  500.0 3.0e-02    3 25.0    0.64270    0.00668    0.64296
15N-HN  500.0 3.0e-02   24 25.0    0.87991    0.00757    0.87807
15N-HN  500.0 3.0e-02    4 25.0    0.70242    0.00689    0.70584
15N-HN  500.0 3.0e-02   22 25.0    0.88452    0.00759    0.87659
15N-HN  500.0 3.0e-02    5 25.0    0.74533    0.00704    0.75194
15N-HN  500.0 3.0e-02   20 25.0    0.88189    0.00758    0.87467
15N-HN  500.0 3.0e-02    6 25.0    0.77987    0.00717    0.78414
15N-HN  500.0 3.0e-02   18 25.0    0.86724    0.00752    0.87209
15N-HN  500.0 3.0e-02    7 25.0    0.81114    0.00729    0.80673
15N-HN  500.0 3.0e-02   16 25.0    0.87165    0.00753    0.86854
15N-HN  500.0 3.0e-02    8 25.0    0.81843    0.00732    0.82291
15N-HN  500.0 3.0e-02   14 25.0    0.85728    0.00748    0.86344
15N-HN  500.0 3.0e-02    9 25.0    0.81985    0.00733    0.83477
15N-HN  500.0 3.0e-02   13 25.0    0.85927    0.00748    0.86003
15N-HN  500.0 3.0e-02   10 25.0    0.85558    0.00747    0.84366
15N-HN  500.0 3.0e-02   12 25.0    0.85078    0.00745    0.85580
15N-HN  500.0 3.0e-02   11 25.0    0.84291    0.00742    0.85048
15N-HN  500.0 3.0e-02    2 25.0    0.58917    0.00650    0.57465
15N-HN  500.0 3.0e-02   28 25.0    0.88016    0.00757    0.88014
15N-HN  500.0 3.0e-02    8 25.0    0.82460    0.00735    0.82291
16N-HN  500.0 3.0e-02    0 25.0    1.00000    0.00476    1.00000
16N-HN  500.0 3.0e-02   30 25.0    0.88022    0.00476    0.88198
16N-HN  500.0 3.0e-02    1 25.0    0.77716    0.00476    0.78741
16N-HN  500.0 3.0e-02   28 25.0    0.88325    0.00476    0.88189
16N-HN  500.0 3.0e-02    2 25.0    0.81237    0.00476    0.81848
16N-HN  500.0 3.0e-02   26 25.0    0.88671    0.00476    0.88177
16N-HN  500.0 3.0e-02    3 25.0    0.84462    0.00476    0.84119
16N-HN  500.0 3.0e-02   24 25.0    0.87049    0.00476    0.88162
16N-HN  500.0 3.0e-02    4 25.0    0.85354    0.00476    0.85500
16N-HN  500.0 3.0e-02   22 25.0    0.88744    0.00476    0.88144
16N-HN  500.0 3.0e-02    5 25.0    0.86184    0.00476    0.86330
16N-HN  500.0 3.0e-02   20 25.0    0.87671    0.00476    0.88119
16N-HN  500.0 3.0e-02    6 25.0    0.87508    0.00476    0.86849
16N-HN  500.0 3.0e-02   18 25.0    0.88747    0.00476    0.88086
16N-HN  500.0 3.0e-02    7 25.0    0.87644    0.00476    0.87190
16N-HN  500.0 3.0e-02   16 25.0    0.87610    0.00476    0.88040
16N-HN  500.0 3.0e-02    8 25.0    0.87649    0.00476    0.87423
16N-HN  500.0 3.0e-02   14 25.0    0.88233    0.00476    0.87974
16N-HN  500.0 3.0e-02    9 25.0    0.87590    0.00476    0.87589
16N-HN  500.0 3.0e-02   13 25.0    0.87039    0.00476    0.87930
16N-HN  500.0 3.0e-02   10 25.0    0.88108    0.00476    0.87711
16N-HN  500.0 3.0e-02   12 25.0    0.87614    0.00476    0.87874
16N-HN  500.0 3.0e-02   11 25.0    0.87685    0.00476    0.87803
16N-HN  500.0 3.0e-02    2 25.0    0.82904    0.00476    0.81848
16N-HN  500.0 3.0e-02   28 25.0    0.88012    0.00476    0.88189
16N-HN  500.0 3.0e-02    8 25.0    0.87627    0.00476    0.87423
17N-HN  500.0 3.0e-02    0 25.0    1.00000    0.00344    1.00000
17N-HN  500.0 3.0e-02   30 25.0    0.87450    0.00344    0.87427
17N-HN  500.0 3.0e-02    1 25.0    0.70488    0.00344    0.70919
17N-HN  500.0 3.0e-02   28 25.0    0.87515    0.00344    0.87408
17N-HN  500.0 3.0e-02    2 25.0    0.75563    0.00344    0.75688
17N-HN  500.0 3.0e-02   26 25.0    0.87485    0.00344    0.87385
17N-HN  500.0 3.0e-02    3 25.0    0.79783    0.00344    0.79632
17N-HN  500.0 3.0e-02   24 25.0    0.87307    0.00344    0.87356
17N-HN  500.0 3.0e-02    4 25.0    0.82332    0.00344    0.82181
17N-HN  500.0 3.0e-02   22 25.0    0.87203    0.00344    0.87318
17N-HN  500.0 3.0e-02    5 25.0    0.83569    0.00344    0.83760
17N-HN  500.0 3.0e-02   20 25.0    0.87250    0.00344    0.87269
17N-HN  500.0 3.0e-02    6 25.0    0.84428    0.00344    0.84763
17N-HN  500.0 3.0e-02   18 25.0    0.87772    0.00344    0.87203
17N-HN  500.0 3.0e-02    7 25.0    0.85942    0.00344    0.85429
17N-HN  500.0 3.0e-02   16 25.0    0.87430    0.00344    0.87112
17N-HN  500.0 3.0e-02    8 25.0    0.86072    0.00344    0.85887
17N-HN  500.0 3.0e-02   14 25.0    0.86656    0.00344    0.86980
17N-HN  500.0 3.0e-02    9 25.0    0.85927    0.00344    0.86215
17N-HN  500.0 3.0e-02   13 25.0    0.86879    0.00344    0.86891
17N-HN  500.0 3.0e-02   10 25.0    0.86537    0.00344    0.86456
17N-HN  500.0 3.0e-02   12 25.0    0.86721    0.00344    0.86780
17N-HN  500.0 3.0e-02   11 25.0    0.87011    0.00344    0.86639
17N-HN  500.0 3.0e-02    2 25.0    0.75287    0.00344    0.75688
17N-HN  500.0 3.0e-02   28 25.0    0.87245    0.00344    0.87408
17N-HN  500.0 3.0e-02    8 25.0    0.85691    0.00344    0.85887
18N-HN  500.0 3.0e-02    0 25.0    1.00000    0.00484    1.00000
18N-HN  500.0 3.0e-02   30 25.0    0.87847    0.00484    0.87722
18N-HN  500.0 3.0e-02    1 25.0    0.83622    0.00484    0.83323
18N-HN  500.0 3.0e-02   28 25.0    0.87576    0.00484    0.87718
18N-HN  500.0 3.0e-02    2 25.0    0.84149    0.00484    0.84872
18N-HN  500.0 3.0e-02   26 25.0    0.87788    0.00484    0.87713
18N-HN  500.0 3.0e-02    3 25.0    0.86438    0.00484    0.85926
18N-HN  500.0 3.0e-02   24 25.0    0.87650    0.00484    0.87707
18N-HN  500.0 3.0e-02    4 25.0    0.86910    0.00484    0.86546
18N-HN  500.0 3.0e-02   22 25.0    0.87837    0.00484    0.87699
18N-HN  500.0 3.0e-02    5 25.0    0.87202    0.00484    0.86912
18N-HN  500.0 3.0e-02   20 25.0    0.87622    0.00484    0.87689
18N-HN  500.0 3.0e-02    6 25.0    0.87639    0.00484    0.87140
18N-HN  500.0 3.0e-02   18 25.0    0.87665    0.00484    0.87675
18N-HN  500.0 3.0e-02    7 25.0    0.86852    0.00484    0.87288
18N-HN  500.0 3.0e-02   16 25.0    0.87461    0.00484    0.87655
18N-HN  500.0 3.0e-02    8 25.0    0.87269    0.00484    0.87389
18N-HN  500.0 3.0e-02   14 25.0    0.87434    0.00484    0.87627
18N-HN  500.0 3.0e-02    9 25.0    0.87800    0.00484    0.87461
18N-HN  500.0 3.0e-02   13 25.0    0.87487    0.00484    0.87607
18N-HN  500.0 3.0e-02   10 25.0    0.87240    0.00484    0.87513
18N-HN  500.0 3.0e-02   12 25.0    0.87751    0.00484    0.87583
18N-HN  500.0 3.0e-02   11 25.0    0.87576    0.00484    0.87553
18N-HN  500.0 3.0e-02    2 25.0    0.84680    0.00484    0.84872
18N-HN  500.0 3.0e-02   28 25.0    0.87622    0.00484    0.87718
18N-HN  500.0 3.0e-02    8 25.0    0.87184    0.00484    0.87389
30N-HN  500.0 3.0e-02    0 25.0    1.00000    0.00543    1.00000
30N-HN  500.0 3.0e-02   30 25.0    0.87103    0.00518    0.87278
30N-HN  500.0 3.0e-02    1 25.0    0.83343    0.00511    0.83424
30N-HN  500.0 3.0e-02   28 25.0    0.87462    0.00518    0.87274
30N-HN  500.0 3.0e-02    2 25.0    0.84744    0.00513    0.84790
30N-HN  500.0 3.0e-02   26 25.0    0.87288    0.00518    0.87270
30N-HN  500.0 3.0e-02    3 25.0    0.85451    0.00515    0.85713
30N-HN  500.0 3.0e-02   24 25.0    0.87061    0.00518    0.87264
30N-HN  500.0 3.0e-02    4 25.0    0.86725    0.00517    0.86254
30N-HN  500.0 3.0e-02   22 25.0    0.87140    0.00518    0.87258
30N-HN  500.0 3.0e-02    5 25.0    0.86727    0.00517    0.86573
30N-HN  500.0 3.0e-02   20 25.0    0.86910    0.00517    0.87248
30N-HN  500.0 3.0e-02    6 25.0    0.86673    0.00517    0.86771
30N-HN  500.0 3.0e-02   18 25.0    0.87606    0.00519    0.87236
30N-HN  500.0 3.0e-02    7 25.0    0.86767    0.00517    0.86900
30N-HN  500.0 3.0e-02   16 25.0    0.87527    0.00519    0.87219
30N-HN  500.0 3.0e-02    8 25.0    0.87250    0.00518    0.86988
30N-HN  500.0 3.0e-02   14 25.0    0.86849    0.00517    0.87194
30N-HN  500.0 3.0e-02    9 25.0    0.87155    0.00518    0.87050
30N-HN  500.0 3.0e-02   13 25.0    0.87520    0.00519    0.87178
30N-HN  500.0 3.0e-02   10 25.0    0.86618    0.00517    0.87096
30N-HN  500.0 3.0e-02   12 25.0    0.87070    0.00518    0.87157
30N-HN  500.0 3.0e-02   11 25.0    0.87098    0.00518    0.87130
30N-HN  500.0 3.0e-02    2 25.0    0.84834    0.00514    0.84790
30N-HN  500.0 3.0e-02   28 25.0    0.87523    0.00519    0.87274
30N-HN  500.0 3.0e-02    8 25.0    0.86880    0.00517    0.86988
31N-HN  500.0 3.0e-02    0 25.0    1.00000    0.00477    1.00000
31N-HN  500.0 3.0e-02   30 25.0    0.84827    0.00439    0.83602
31N-HN  500.0 3.0e-02    1 25.0    0.48808    0.00432    0.50096
31N-HN  500.0 3.0e-02   28 25.0    0.84952    0.00440    0.83532
31N-HN  500.0 3.0e-02    2 25.0    0.55544    0.00432    0.54541
31N-HN  500.0 3.0e-02   26 25.0    0.84164    0.00438    0.83445
31N-HN  500.0 3.0e-02    3 25.0    0.60835    0.00432    0.61025
31N-HN  500.0 3.0e-02   24 25.0    0.84448    0.00439    0.83335
31N-HN  500.0 3.0e-02    4 25.0    0.68076    0.00432    0.66993
31N-HN  500.0 3.0e-02   22 25.0    0.84129    0.00438    0.83196
31N-HN  500.0 3.0e-02    5 25.0    0.71223    0.00432    0.71367
31N-HN  500.0 3.0e-02   20 25.0    0.82056    0.00433    0.83013
31N-HN  500.0 3.0e-02    6 25.0    0.74983    0.00432    0.74422
31N-HN  500.0 3.0e-02   18 25.0    0.82302    0.00433    0.82769
31N-HN  500.0 3.0e-02    7 25.0    0.76114    0.00432    0.76566
31N-HN  500.0 3.0e-02   16 25.0    0.81820    0.00432    0.82431
31N-HN  500.0 3.0e-02    8 25.0    0.76647    0.00432    0.78101
31N-HN  500.0 3.0e-02   14 25.0    0.81792    0.00432    0.81948
31N-HN  500.0 3.0e-02    9 25.0    0.79057    0.00432    0.79227
31N-HN  500.0 3.0e-02   13 25.0    0.81081    0.00432    0.81624
31N-HN  500.0 3.0e-02   10 25.0    0.79823    0.00432    0.80071
31N-HN  500.0 3.0e-02   12 25.0    0.80256    0.00432    0.81223
31N-HN  500.0 3.0e-02   11 25.0    0.79732    0.00432    0.80718
31N-HN  500.0 3.0e-02    2 25.0    0.55622    0.00432    0.54541
31N-HN  500.0 3.0e-02   28 25.0    0.84341    0.00438    0.83532
31N-HN  500.0 3.0e-02    8 25.0    0.77084    0.00432    0.78101
32N-HN  500.0 3.0e-02    0 25.0    1.00000    0.01102    1.00000
32N-HN  500.0 3.0e-02   30 25.0    0.79880    0.00968    0.79319
32N-HN  500.0 3.0e-02    1 25.0    0.38521    0.00751    0.38077
32N-HN  500.0 3.0e-02   28 25.0    0.78042    0.00957    0.78477
32N-HN  500.0 3.0e-02    2 25.0    0.38378    0.00751    0.38737
32N-HN  500.0 3.0e-02   26 25.0    0.77770    0.00955    0.77460
32N-HN  500.0 3.0e-02    3 25.0    0.39299    0.00755    0.38342
32N-HN  500.0 3.0e-02   24 25.0    0.75765    0.00943    0.76217
32N-HN  500.0 3.0e-02    4 25.0    0.37494    0.00747    0.38985
32N-HN  500.0 3.0e-02   22 25.0    0.75676    0.00942    0.74682
32N-HN  500.0 3.0e-02    5 25.0    0.38743    0.00752    0.38649
32N-HN  500.0 3.0e-02   20 25.0    0.72121    0.00921    0.72765
32N-HN  500.0 3.0e-02    6 25.0    0.40120    0.00758    0.39511
32N-HN  500.0 3.0e-02   18 25.0    0.69303    0.00904    0.70343
32N-HN  500.0 3.0e-02    7 25.0    0.42276    0.00767    0.41857
32N-HN  500.0 3.0e-02   16 25.0    0.66548    0.00889    0.67254
32N-HN  500.0 3.0e-02    8 25.0    0.45528    0.00781    0.45052
32N-HN  500.0 3.0e-02   14 25.0    0.63462    0.00871    0.63294
32N-HN  500.0 3.0e-02    9 25.0    0.49334    0.00799    0.48549
32N-HN  500.0 3.0e-02   13 25.0    0.61643    0.00861    0.60918
32N-HN  500.0 3.0e-02   10 25.0    0.51356    0.00808    0.52013
32N-HN  500.0 3.0e-02   12 25.0    0.57774    0.00841    0.58246
32N-HN  500.0 3.0e-02   11 25.0    0.54382    0.00823    0.55271
32N-HN  500.0 3.0e-02    2 25.0    0.39775    0.00756    0.38737
32N-HN  500.0 3.0e-02   28 25.0    0.78616    0.00960    0.78477
32N-HN  500.0 3.0e-02    8 25.0    0.44957    0.00779    0.45052
33N-HN  500.0 3.0e-02    0 25.0    1.00000    0.00955    1.00000
33N-HN  500.0 3.0e-02   30 25.0    0.88999    0.00891    0.88043
33N-HN  500.0 3.0e-02    1 25.0    0.53920    0.00725    0.55296
33N-HN  500.0 3.0e-02   28 25.0    0.88345    0.00887    0.87982
33N-HN  500.0 3.0e-02    2 25.0    0.61944    0.00759    0.60527
33N-HN  500.0 3.0e-02   26 25.0    0.87736    0.00884    0.87907
33N-HN  500.0 3.0e-02    3 25.0    0.68355    0.00788    0.67363
33N-HN  500.0 3.0e-02   24 25.0    0.88631    0.00889    0.87812
33N-HN  500.0 3.0e-02    4 25.0    0.72816    0.00809    0.73130
33N-HN  500.0 3.0e-02   22 25.0    0.89250    0.00892    0.87691
33N-HN  500.0 3.0e-02    5 25.0    0.75751    0.00823    0.77189
33N-HN  500.0 3.0e-02   20 25.0    0.87503    0.00883    0.87534
33N-HN  500.0 3.0e-02    6 25.0    0.79715    0.00843    0.79961
33N-HN  500.0 3.0e-02   18 25.0    0.87782    0.00884    0.87322
33N-HN  500.0 3.0e-02    7 25.0    0.81722    0.00853    0.81879
33N-HN  500.0 3.0e-02   16 25.0    0.86822    0.00879    0.87030
33N-HN  500.0 3.0e-02    8 25.0    0.84462    0.00867    0.83241
33N-HN  500.0 3.0e-02   14 25.0    0.86287    0.00877    0.86610
33N-HN  500.0 3.0e-02    9 25.0    0.84361    0.00866    0.84232
33N-HN  500.0 3.0e-02   13 25.0    0.85664    0.00873    0.86329
33N-HN  500.0 3.0e-02   10 25.0    0.84500    0.00867    0.84973
33N-HN  500.0 3.0e-02   12 25.0    0.84678    0.00868    0.85980
33N-HN  500.0 3.0e-02   11 25.0    0.85088    0.00870    0.85539
33N-HN  500.0 3.0e-02    2 25.0    0.61093    0.00756    0.60527
33N-HN  500.0 3.0e-02   28 25.0    0.87568    0.00883    0.87982
33N-HN  500.0 3.0e-02    8 25.0    0.82524    0.00857    0.83241
34N-HN  500.0 3.0e-02    0 25.0    1.00000    0.00452    1.00000
34N-HN  500.0 3.0e-02   30 25.0    0.87057    0.00452    0.86453
34N-HN  500.0 3.0e-02    1 25.0    0.43263    0.00452    0.43013
34N-HN  500.0 3.0e-02   28 25.0    0.86037    0.00452    0.86207
34N-HN  500.0 3.0e-02    2 25.0    0.42984    0.00452    0.43954
34N-HN  500.0 3.0e-02   26 25.0    0.86901    0.00452    0.85905
34N-HN  500.0 3.0e-02    3 25.0    0.46210    0.00452    0.45374
34N-HN  500.0 3.0e-02   24 25.0    0.85358    0.00452    0.85528
34N-HN  500.0 3.0e-02    4 25.0    0.51285    0.00452    0.49934
34N-HN  500.0 3.0e-02   22 25.0    0.85105    0.00452    0.85049
34N-HN  500.0 3.0e-02    5 25.0    0.56626    0.00452    0.55912
34N-HN  500.0 3.0e-02   20 25.0    0.84605    0.00452    0.84430
34N-HN  500.0 3.0e-02    6 25.0    0.61812    0.00452    0.61502
34N-HN  500.0 3.0e-02   18 25.0    0.83856    0.00452    0.83610
34N-HN  500.0 3.0e-02    7 25.0    0.66431    0.00452    0.66172
34N-HN  500.0 3.0e-02   16 25.0    0.82347    0.00452    0.82495
34N-HN  500.0 3.0e-02    8 25.0    0.69547    0.00452    0.69921
34N-HN  500.0 3.0e-02   14 25.0    0.81507    0.00452    0.80935
34N-HN  500.0 3.0e-02    9 25.0    0.72121    0.00452    0.72895
34N-HN  500.0 3.0e-02   13 25.0    0.79494    0.00452    0.79913
34N-HN  500.0 3.0e-02   10 25.0    0.74959    0.00452    0.75257
34N-HN  500.0 3.0e-02   12 25.0    0.78286    0.00452    0.78671
34N-HN  500.0 3.0e-02   11 25.0    0.76445    0.00452    0.77147
34N-HN  500.0 3.0e-02    2 25.0    0.42811    0.00452    0.43954
34N-HN  500.0 3.0e-02   28 25.0    0.86102    0.00452    0.86207
34N-HN  500.0 3.0e-02    8 25.0    0.69199    0.00452    0.69921
35N-HN  500.0 3.0e-02    0 25.0    1.00000    0.00465    1.00000
35N-HN  500.0 3.0e-02   30 25.0    0.88539    0.00441    0.88333
35N-HN  500.0 3.0e-02    1 25.0    0.73944    0.00414    0.74599
35N-HN  500.0 3.0e-02   28 25.0    0.88180    0.00441    0.88318
35N-HN  500.0 3.0e-02    2 25.0    0.78735    0.00423    0.78803
35N-HN  500.0 3.0e-02   26 25.0    0.88009    0.00440    0.88300
35N-HN  500.0 3.0e-02    3 25.0    0.81763    0.00428    0.82096
35N-HN  500.0 3.0e-02   24 25.0    0.88213    0.00441    0.88277
35N-HN  500.0 3.0e-02    4 25.0    0.84075    0.00433    0.84167
35N-HN  500.0 3.0e-02   22 25.0    0.88633    0.00442    0.88248
35N-HN  500.0 3.0e-02    5 25.0    0.85442    0.00435    0.85433
35N-HN  500.0 3.0e-02   20 25.0    0.88563    0.00441    0.88209
35N-HN  500.0 3.0e-02    6 25.0    0.86160    0.00437    0.86233
35N-HN  500.0 3.0e-02   18 25.0    0.88256    0.00441    0.88158
35N-HN  500.0 3.0e-02    7 25.0    0.86263    0.00437    0.86760
35N-HN  500.0 3.0e-02   16 25.0    0.88344    0.00441    0.88086
35N-HN  500.0 3.0e-02    8 25.0    0.86843    0.00438    0.87122
35N-HN  500.0 3.0e-02   14 25.0    0.88387    0.00441    0.87982
35N-HN  500.0 3.0e-02    9 25.0    0.86958    0.00438    0.87381
35N-HN  500.0 3.0e-02   13 25.0    0.88350    0.00441    0.87912
35N-HN  500.0 3.0e-02   10 25.0    0.87558    0.00439    0.87571
35N-HN  500.0 3.0e-02   12 25.0    0.87474    0.00439    0.87825
35N-HN  500.0 3.0e-02   11 25.0    0.88120    0.00441    0.87714
35N-HN  500.0 3.0e-02    2 25.0    0.79413    0.00424    0.78803
35N-HN  500.0 3.0e-02   28 25.0    0.88230    0.00441    0.88318
35N-HN  500.0 3.0e-02    8 25.0    0.87319    0.00439    0.87122
36N-HN  500.0 3.0e-02    0 25.0    1.00000    0.01165    1.00000
36N-HN  500.0 3.0e-02   30 25.0    0.88027    0.01124    0.88377
36N-HN  500.0 3.0e-02    1 25.0    0.83002    0.01108    0.83654
36N-HN  500.0 3.0e-02   28 25.0    0.87764    0.01123    0.88373
36N-HN  500.0 3.0e-02    2 25.0    0.85535    0.01116    0.85311
36N-HN  500.0 3.0e-02   26 25.0    0.87697    0.01123    0.88368
36N-HN  500.0 3.0e-02    3 25.0    0.86339    0.01118    0.86443
36N-HN  500.0 3.0e-02   24 25.0    0.88188    0.01124    0.88361
36N-HN  500.0 3.0e-02    4 25.0    0.87161    0.01121    0.87110
36N-HN  500.0 3.0e-02   22 25.0    0.88636    0.01126    0.88352
36N-HN  500.0 3.0e-02    5 25.0    0.87530    0.01122    0.87504
36N-HN  500.0 3.0e-02   20 25.0    0.88784    0.01126    0.88341
36N-HN  500.0 3.0e-02    6 25.0    0.87203    0.01121    0.87749
36N-HN  500.0 3.0e-02   18 25.0    0.88393    0.01125    0.88326
36N-HN  500.0 3.0e-02    7 25.0    0.88892    0.01127    0.87909
36N-HN  500.0 3.0e-02   16 25.0    0.88226    0.01125    0.88304
36N-HN  500.0 3.0e-02    8 25.0    0.89510    0.01129    0.88018
36N-HN  500.0 3.0e-02   14 25.0    0.88865    0.01127    0.88274
36N-HN  500.0 3.0e-02    9 25.0    0.88268    0.01125    0.88095
36N-HN  500.0 3.0e-02   13 25.0    0.88265    0.01125    0.88253
36N-HN  500.0 3.0e-02   10 25.0    0.87848    0.01123    0.88152
36N-HN  500.0 3.0e-02   12 25.0    0.87720    0.01123    0.88227
36N-HN  500.0 3.0e-02   11 25.0    0.88045    0.01124    0.88194
36N-HN  500.0 3.0e-02    2 25.0    0.85837    0.01117    0.85311
36N-HN  500.0 3.0e-02   28 25.0    0.87983    0.01124    0.88373
36N-HN  500.0 3.0e-02    8 25.0    0.87710    0.01123    0.88018
37N-HN  500.0 3.0e-02    0 25.0    1.00000    0.01178    1.00000
37N-HN  500.0 3.0e-02   30 25.0    0.88683    0.01104    0.89126
37N-HN  500.0 3.0e-02    1 25.0    0.56974    0.00925    0.57915
37N-HN  500.0 3.0e-02   28 25.0    0.86985    0.01093    0.89072
37N-HN  500.0 3.0e-02    2 25.0    0.63925    0.00960    0.63497
37N-HN  500.0 3.0e-02   26 25.0    0.88942    0.01105    0.89006
37N-HN  500.0 3.0e-02    3 25.0    0.70940    0.00998    0.70268
37N-HN  500.0 3.0e-02   24 25.0    0.90064    0.01112    0.88923
37N-HN  500.0 3.0e-02    4 25.0    0.75759    0.01025    0.75694
37N-HN  500.0 3.0e-02   22 25.0    0.87878    0.01099    0.88817
37N-HN  500.0 3.0e-02    5 25.0    0.79228    0.01046    0.79422
37N-HN  500.0 3.0e-02   20 25.0    0.89798    0.01111    0.88678
37N-HN  500.0 3.0e-02    6 25.0    0.82889    0.01068    0.81933
37N-HN  500.0 3.0e-02   18 25.0    0.90727    0.01116    0.88492
37N-HN  500.0 3.0e-02    7 25.0    0.83647    0.01072    0.83658
37N-HN  500.0 3.0e-02   16 25.0    0.88443    0.01102    0.88234
37N-HN  500.0 3.0e-02    8 25.0    0.85372    0.01083    0.84874
37N-HN  500.0 3.0e-02   14 25.0    0.87967    0.01099    0.87864
37N-HN  500.0 3.0e-02    9 25.0    0.85365    0.01083    0.85757
37N-HN  500.0 3.0e-02   13 25.0    0.87030    0.01093    0.87616
37N-HN  500.0 3.0e-02   10 25.0    0.85422    0.01083    0.86415
37N-HN  500.0 3.0e-02   12 25.0    0.87096    0.01094    0.87307
37N-HN  500.0 3.0e-02   11 25.0    0.86741    0.01091    0.86917
37N-HN  500.0 3.0e-02    2 25.0    0.63943    0.00960    0.63497
37N-HN  500.0 3.0e-02   28 25.0    0.89785    0.01110    0.89072
37N-HN  500.0 3.0e-02    8 25.0    0.83535    0.01072    0.84874
49N-HN  500.0 3.0e-02    0 25.0    1.00000    0.00694    1.00000
49N-HN  500.0 3.0e-02   30 25.0    0.82080    0.00627    0.83999
49N-HN  500.0 3.0e-02    1 25.0    0.70786    0.00597    0.70255
49N-HN  500.0 3.0e-02   28 25.0    0.84772    0.00633    0.83984
49N-HN  500.0 3.0e-02    2 25.0    0.75208    0.00607    0.74407
49N-HN  500.0 3.0e-02   26 25.0    0.83365    0.00629    0.83965
49N-HN  500.0 3.0e-02    3 25.0    0.76299    0.00611    0.77700
49N-HN  500.0 3.0e-02   24 25.0    0.82263    0.00627    0.83942
49N-HN  500.0 3.0e-02    4 25.0    0.80501    0.00622    0.79784
49N-HN  500.0 3.0e-02   22 25.0    0.83842    0.00631    0.83912
49N-HN  500.0 3.0e-02    5 25.0    0.81788    0.00625    0.81062
49N-HN  500.0 3.0e-02   20 25.0    0.85619    0.00635    0.83873
49N-HN  500.0 3.0e-02    6 25.0    0.82385    0.00627    0.81870
49N-HN  500.0 3.0e-02   18 25.0    0.83917    0.00631    0.83821
49N-HN  500.0 3.0e-02    7 25.0    0.82932    0.00628    0.82404
49N-HN  500.0 3.0e-02   16 25.0    0.83385    0.00630    0.83748
49N-HN  500.0 3.0e-02    8 25.0    0.82504    0.00628    0.82771
49N-HN  500.0 3.0e-02   14 25.0    0.84200    0.00632    0.83643
49N-HN  500.0 3.0e-02    9 25.0    0.83149    0.00630    0.83033
49N-HN  500.0 3.0e-02   13 25.0    0.83696    0.00631    0.83572
49N-HN  500.0 3.0e-02   10 25.0    0.83099    0.00629    0.83226
49N-HN  500.0 3.0e-02   12 25.0    0.82910    0.00629    0.83483
49N-HN  500.0 3.0e-02   11 25.0    0.82810    0.00628    0.83371
49N-HN  500.0 3.0e-02    2 25.0    0.73712    0.00604    0.74407
49N-HN  500.0 3.0e-02   28 25.0    0.84402    0.00632    0.83984
49N-HN  500.0 3.0e-02    8 25.0    0.83520    0.00630    0.82771
52N-HN  500.0 3.0e-02    0 25.0    1.00000    0.00444    1.00000
52N-HN  500.0 3.0e-02   30 25.0    0.86035    0.00444    0.85028
52N-HN  500.0 3.0e-02    1 25.0    0.62822    0.00444    0.63259
52N-HN  500.0 3.0e-02   28 25.0    0.85210    0.00444    0.85000
52N-HN  500.0 3.0e-02    2 25.0    0.69483    0.00444    0.68683
52N-HN  500.0 3.0e-02   26 25.0    0.84703    0.00444    0.84964
52N-HN  500.0 3.0e-02    3 25.0    0.72539    0.00444    0.73794
52N-HN  500.0 3.0e-02   24 25.0    0.85804    0.00444    0.84920
52N-HN  500.0 3.0e-02    4 25.0    0.77045    0.00444    0.77326
52N-HN  500.0 3.0e-02   22 25.0    0.84660    0.00444    0.84863
52N-HN  500.0 3.0e-02    5 25.0    0.79653    0.00444    0.79586
52N-HN  500.0 3.0e-02   20 25.0    0.85194    0.00444    0.84789
52N-HN  500.0 3.0e-02    6 25.0    0.81802    0.00444    0.81050
52N-HN  500.0 3.0e-02   18 25.0    0.84460    0.00444    0.84689
52N-HN  500.0 3.0e-02    7 25.0    0.80705    0.00444    0.82031
52N-HN  500.0 3.0e-02   16 25.0    0.84855    0.00444    0.84550
52N-HN  500.0 3.0e-02    8 25.0    0.82738    0.00444    0.82712
52N-HN  500.0 3.0e-02   14 25.0    0.84508    0.00444    0.84351
52N-HN  500.0 3.0e-02    9 25.0    0.83204    0.00444    0.83201
52N-HN  500.0 3.0e-02   13 25.0    0.84088    0.00444    0.84216
52N-HN  500.0 3.0e-02   10 25.0    0.83252    0.00444    0.83563
52N-HN  500.0 3.0e-02   12 25.0    0.83699    0.00444    0.84049
52N-HN  500.0 3.0e-02   11 25.0    0.83715    0.00444    0.83837
52N-HN  500.0 3.0e-02    2 25.0    0.68628    0.00444    0.68683
52N-HN  500.0 3.0e-02   28 25.0    0.85133    0.00444    0.85000
52N-HN  500.0 3.0e-02    8 25.0    0.82745    0.00444    0.82712
53N-HN  500.0 3.0e-02    0 25.0    1.00000    0.00456    1.00000
53N-HN  500.0 3.0e-02   30 25.0    0.84393    0.00456    0.85293
53N-HN  500.0 3.0e-02    1 25.0    0.74580    0.00456    0.73682
53N-HN  500.0 3.0e-02   28 25.0    0.84363    0.00456    0.85281
53N-HN  500.0 3.0e-02    2 25.0    0.77015    0.00456    0.77345
53N-HN  500.0 3.0e-02   26 25.0    0.85896    0.00456    0.85267
53N-HN  500.0 3.0e-02    3 25.0    0.80002    0.00456    0.80132
53N-HN  500.0 3.0e-02   24 25.0    0.84633    0.00456    0.85248
53N-HN  500.0 3.0e-02    4 25.0    0.82936    0.00456    0.81860
53N-HN  500.0 3.0e-02   22 25.0    0.85618    0.00456    0.85224
53N-HN  500.0 3.0e-02    5 25.0    0.83527    0.00456    0.82909
53N-HN  500.0 3.0e-02   20 25.0    0.85226    0.00456    0.85192
53N-HN  500.0 3.0e-02    6 25.0    0.84150    0.00456    0.83569
53N-HN  500.0 3.0e-02   18 25.0    0.85079    0.00456    0.85150
53N-HN  500.0 3.0e-02    7 25.0    0.84189    0.00456    0.84003
53N-HN  500.0 3.0e-02   16 25.0    0.85058    0.00456    0.85091
53N-HN  500.0 3.0e-02    8 25.0    0.84724    0.00456    0.84301
53N-HN  500.0 3.0e-02   14 25.0    0.85166    0.00456    0.85006
53N-HN  500.0 3.0e-02    9 25.0    0.84718    0.00456    0.84513
53N-HN  500.0 3.0e-02   13 25.0    0.85237    0.00456    0.84949
53N-HN  500.0 3.0e-02   10 25.0    0.84652    0.00456    0.84669
53N-HN  500.0 3.0e-02   12 25.0    0.84340    0.00456    0.84877
53N-HN  500.0 3.0e-02   11 25.0    0.84409    0.00456    0.84787
53N-HN  500.0 3.0e-02    2 25.0    0.76989    0.00456    0.77345
53N-HN  500.0 3.0e-02   28 25.0    0.84956    0.00456    0.85281
53N-HN  500.0 3.0e-02    8 25.0    0.83540    0.00456    0.84301
