8N-HN   800.0 3.0e-02    0 25.0    1.00000    0.00833    1.00000
8N-HN   800.0 3.0e-02   30 25.0    0.86346    0.00793    0.86439
8N-HN   800.0 3.0e-02    1 25.0    0.61997    0.00732    0.61749
8N-HN   800.0 3.0e-02   27 25.0    0.87029    0.00795    0.86384
8N-HN   800.0 3.0e-02    2 25.0    0.67807    0.00745    0.67405
8N-HN   800.0 3.0e-02   24 25.0    0.86705    0.00794    0.86307
8N-HN   800.0 3.0e-02    3 25.0    0.73523    0.00759    0.73115
8N-HN   800.0 3.0e-02   21 25.0    0.86935    0.00795    0.86196
8N-HN   800.0 3.0e-02    4 25.0    0.77194    0.00768    0.77212
8N-HN   800.0 3.0e-02   18 25.0    0.86119    0.00792    0.86025
8N-HN   800.0 3.0e-02    5 25.0    0.80448    0.00777    0.79882
8N-HN   800.0 3.0e-02   15 25.0    0.86143    0.00792    0.85747
8N-HN   800.0 3.0e-02    6 25.0    0.79992    0.00776    0.81629
8N-HN   800.0 3.0e-02   12 25.0    0.85625    0.00791    0.85247
8N-HN   800.0 3.0e-02    7 25.0    0.81937    0.00781    0.82806
8N-HN   800.0 3.0e-02   10 25.0    0.84374    0.00787    0.84657
8N-HN   800.0 3.0e-02    8 25.0    0.82714    0.00783    0.83627
8N-HN   800.0 3.0e-02    4 25.0    0.76995    0.00768    0.77212
8N-HN   800.0 3.0e-02    1 25.0    0.61910    0.00732    0.61749
8N-HN   800.0 3.0e-02   27 25.0    0.86111    0.00792    0.86384
9N-HN   800.0 3.0e-02    0 25.0    1.00000    0.00542    1.00000
9N-HN   800.0 3.0e-02   30 25.0    0.86931    0.00520    0.87255
9N-HN   800.0 3.0e-02    1 25.0    0.82482    0.00513    0.82336
9N-HN   800.0 3.0e-02   27 25.0    0.87280    0.00520    0.87248
9N-HN   800.0 3.0e-02    2 25.0    0.84320    0.00516    0.84056
9N-HN   800.0 3.0e-02   24 25.0    0.87448    0.00521    0.87238
9N-HN   800.0 3.0e-02    3 25.0    0.85462    0.00518    0.85235
9N-HN   800.0 3.0e-02   21 25.0    0.87457    0.00521    0.87223
9N-HN   800.0 3.0e-02    4 25.0    0.86360    0.00519    0.85931
9N-HN   800.0 3.0e-02   18 25.0    0.86701    0.00519    0.87201
9N-HN   800.0 3.0e-02    5 25.0    0.86419    0.00519    0.86343
9N-HN   800.0 3.0e-02   15 25.0    0.87870    0.00521    0.87165
9N-HN   800.0 3.0e-02    6 25.0    0.86658    0.00519    0.86599
9N-HN   800.0 3.0e-02   12 25.0    0.86548    0.00519    0.87098
9N-HN   800.0 3.0e-02    7 25.0    0.86190    0.00519    0.86765
9N-HN   800.0 3.0e-02   10 25.0    0.87156    0.00520    0.87019
9N-HN   800.0 3.0e-02    8 25.0    0.86492    0.00519    0.86879
9N-HN   800.0 3.0e-02    4 25.0    0.85890    0.00518    0.85931
9N-HN   800.0 3.0e-02    1 25.0    0.82237    0.00513    0.82336
9N-HN   800.0 3.0e-02   27 25.0    0.87226    0.00520    0.87248
10N-HN  800.0 3.0e-02    0 25.0    1.00000    0.00508    1.00000
10N-HN  800.0 3.0e-02   30 25.0    0.85814    0.00508    0.86248
10N-HN  800.0 3.0e-02    1 25.0    0.71987    0.00508    0.72175
10N-HN  800.0 3.0e-02   27 25.0    0.86324    0.00508    0.86223
10N-HN  800.0 3.0e-02    2 25.0    0.76727    0.00508    0.76429
10N-HN  800.0 3.0e-02   24 25.0    0.86467    0.00508    0.86190
10N-HN  800.0 3.0e-02    3 25.0    0.79970    0.00508    0.79801
10N-HN  800.0 3.0e-02   21 25.0    0.86111    0.00508    0.86141
10N-HN  800.0 3.0e-02    4 25.0    0.81317    0.00508    0.81935
10N-HN  800.0 3.0e-02   18 25.0    0.85688    0.00508    0.86066
10N-HN  800.0 3.0e-02    5 25.0    0.83230    0.00508    0.83243
10N-HN  800.0 3.0e-02   15 25.0    0.85963    0.00508    0.85943
10N-HN  800.0 3.0e-02    6 25.0    0.84892    0.00508    0.84070
10N-HN  800.0 3.0e-02   12 25.0    0.85555    0.00508    0.85720
10N-HN  800.0 3.0e-02    7 25.0    0.85299    0.00508    0.84616
10N-HN  800.0 3.0e-02   10 25.0    0.85639    0.00508    0.85457
10N-HN  800.0 3.0e-02    8 25.0    0.84928    0.00508    0.84991
10N-HN  800.0 3.0e-02    4 25.0    0.81527    0.00508    0.81935
10N-HN  800.0 3.0e-02    1 25.0    0.71998    0.00508    0.72175
10N-HN  800.0 3.0e-02   27 25.0    0.86114    0.00508    0.86223
11N-HN  800.0 3.0e-02    0 25.0    1.00000    0.00405    1.00000
11N-HN  800.0 3.0e-02   30 25.0    0.86324    0.00405    0.85996
11N-HN  800.0 3.0e-02    1 25.0    0.80542    0.00405    0.79842
11N-HN  800.0 3.0e-02   27 25.0    0.85875    0.00405    0.85987
11N-HN  800.0 3.0e-02    2 25.0    0.81999    0.00405    0.81957
11N-HN  800.0 3.0e-02   24 25.0    0.85854    0.00405    0.85974
11N-HN  800.0 3.0e-02    3 25.0    0.83334    0.00405    0.83433
11N-HN  800.0 3.0e-02   21 25.0    0.86355    0.00405    0.85956
11N-HN  800.0 3.0e-02    4 25.0    0.83478    0.00405    0.84311
11N-HN  800.0 3.0e-02   18 25.0    0.86790    0.00405    0.85927
11N-HN  800.0 3.0e-02    5 25.0    0.84224    0.00405    0.84834
11N-HN  800.0 3.0e-02   15 25.0    0.85679    0.00405    0.85880
11N-HN  800.0 3.0e-02    6 25.0    0.85265    0.00405    0.85159
11N-HN  800.0 3.0e-02   12 25.0    0.86113    0.00405    0.85796
11N-HN  800.0 3.0e-02    7 25.0    0.84744    0.00405    0.85371
11N-HN  800.0 3.0e-02   10 25.0    0.86339    0.00405    0.85695
11N-HN  800.0 3.0e-02    8 25.0    0.85312    0.00405    0.85516
11N-HN  800.0 3.0e-02    4 25.0    0.83905    0.00405    0.84311
11N-HN  800.0 3.0e-02    1 25.0    0.79856    0.00405    0.79842
11N-HN  800.0 3.0e-02   27 25.0    0.85806    0.00405    0.85987
12N-HN  800.0 3.0e-02    0 25.0    1.00000    0.00480    1.00000
12N-HN  800.0 3.0e-02   30 25.0    0.86991    0.00457    0.87297
12N-HN  800.0 3.0e-02    1 25.0    0.82906    0.00450    0.83049
12N-HN  800.0 3.0e-02   27 25.0    0.87183    0.00457    0.87291
12N-HN  800.0 3.0e-02    2 25.0    0.84394    0.00452    0.84547
12N-HN  800.0 3.0e-02   24 25.0    0.86849    0.00457    0.87283
12N-HN  800.0 3.0e-02    3 25.0    0.85742    0.00454    0.85565
12N-HN  800.0 3.0e-02   21 25.0    0.87907    0.00458    0.87270
12N-HN  800.0 3.0e-02    4 25.0    0.86472    0.00455    0.86163
12N-HN  800.0 3.0e-02   18 25.0    0.87506    0.00458    0.87251
12N-HN  800.0 3.0e-02    5 25.0    0.86676    0.00456    0.86516
12N-HN  800.0 3.0e-02   15 25.0    0.87535    0.00457    0.87220
12N-HN  800.0 3.0e-02    6 25.0    0.86654    0.00456    0.86735
12N-HN  800.0 3.0e-02   12 25.0    0.86774    0.00456    0.87163
12N-HN  800.0 3.0e-02    7 25.0    0.86183    0.00455    0.86878
12N-HN  800.0 3.0e-02   10 25.0    0.87677    0.00457    0.87096
12N-HN  800.0 3.0e-02    8 25.0    0.86884    0.00456    0.86976
12N-HN  800.0 3.0e-02    4 25.0    0.86581    0.00455    0.86163
12N-HN  800.0 3.0e-02    1 25.0    0.83011    0.00450    0.83049
12N-HN  800.0 3.0e-02   27 25.0    0.86889    0.00457    0.87291
13N-HN  800.0 3.0e-02    0 25.0    1.00000    0.00576    1.00000
13N-HN  800.0 3.0e-02   30 25.0    0.88083    0.00576    0.87174
13N-HN  800.0 3.0e-02    1 25.0    0.81704    0.00576    0.82307
13N-HN  800.0 3.0e-02   27 25.0    0.86442    0.00576    0.87167
13N-HN  800.0 3.0e-02    2 25.0    0.84850    0.00576    0.84010
13N-HN  800.0 3.0e-02   24 25.0    0.86265    0.00576    0.87157
13N-HN  800.0 3.0e-02    3 25.0    0.85630    0.00576    0.85176
13N-HN  800.0 3.0e-02   21 25.0    0.87295    0.00576    0.87143
13N-HN  800.0 3.0e-02    4 25.0    0.85685    0.00576    0.85865
13N-HN  800.0 3.0e-02   18 25.0    0.87095    0.00576    0.87121
13N-HN  800.0 3.0e-02    5 25.0    0.85982    0.00576    0.86272
13N-HN  800.0 3.0e-02   15 25.0    0.87366    0.00576    0.87085
13N-HN  800.0 3.0e-02    6 25.0    0.86707    0.00576    0.86525
13N-HN  800.0 3.0e-02   12 25.0    0.87001    0.00576    0.87019
13N-HN  800.0 3.0e-02    7 25.0    0.86097    0.00576    0.86690
13N-HN  800.0 3.0e-02   10 25.0    0.87461    0.00576    0.86941
13N-HN  800.0 3.0e-02    8 25.0    0.87200    0.00576    0.86803
13N-HN  800.0 3.0e-02    4 25.0    0.85658    0.00576    0.85865
13N-HN  800.0 3.0e-02    1 25.0    0.82235    0.00576    0.82307
13N-HN  800.0 3.0e-02   27 25.0    0.87035    0.00576    0.87167
14N-HN  800.0 3.0e-02    0 25.0    1.00000    0.01329    1.00000
14N-HN  800.0 3.0e-02   30 25.0    0.87599    0.01238    0.87699
14N-HN  800.0 3.0e-02    1 25.0    0.54528    0.01056    0.55934
14N-HN  800.0 3.0e-02   27 25.0    0.88150    0.01242    0.87609
14N-HN  800.0 3.0e-02    2 25.0    0.61127    0.01089    0.61285
14N-HN  800.0 3.0e-02   24 25.0    0.87856    0.01242    0.87483
14N-HN  800.0 3.0e-02    3 25.0    0.68525    0.01129    0.68042
14N-HN  800.0 3.0e-02   21 25.0    0.88370    0.01246    0.87302
14N-HN  800.0 3.0e-02    4 25.0    0.73225    0.01156    0.73605
14N-HN  800.0 3.0e-02   18 25.0    0.87315    0.01238    0.87025
14N-HN  800.0 3.0e-02    5 25.0    0.77160    0.01178    0.77476
14N-HN  800.0 3.0e-02   15 25.0    0.86970    0.01237    0.86574
14N-HN  800.0 3.0e-02    6 25.0    0.79866    0.01194    0.80103
14N-HN  800.0 3.0e-02   12 25.0    0.86210    0.01231    0.85768
14N-HN  800.0 3.0e-02    7 25.0    0.81517    0.01202    0.81915
14N-HN  800.0 3.0e-02   10 25.0    0.85045    0.01226    0.84825
14N-HN  800.0 3.0e-02    8 25.0    0.83183    0.01212    0.83197
14N-HN  800.0 3.0e-02    4 25.0    0.73361    0.01158    0.73605
14N-HN  800.0 3.0e-02    1 25.0    0.54606    0.01057    0.55934
14N-HN  800.0 3.0e-02   27 25.0    0.88060    0.01245    0.87609
15N-HN  800.0 3.0e-02    0 25.0    1.00000    0.01176    1.00000
15N-HN  800.0 3.0e-02   30 25.0    0.82009    0.01086    0.81175
15N-HN  800.0 3.0e-02    1 25.0    0.42580    0.00937    0.41488
15N-HN  800.0 3.0e-02   27 25.0    0.80894    0.01081    0.80900
15N-HN  800.0 3.0e-02    2 25.0    0.43790    0.00940    0.42883
15N-HN  800.0 3.0e-02   24 25.0    0.80147    0.01078    0.80520
15N-HN  800.0 3.0e-02    3 25.0    0.46269    0.00947    0.45579
15N-HN  800.0 3.0e-02   21 25.0    0.79062    0.01073    0.79973
15N-HN  800.0 3.0e-02    4 25.0    0.50329    0.00960    0.51170
15N-HN  800.0 3.0e-02   18 25.0    0.79568    0.01075    0.79149
15N-HN  800.0 3.0e-02    5 25.0    0.56752    0.00982    0.57036
15N-HN  800.0 3.0e-02   15 25.0    0.77348    0.01065    0.77830
15N-HN  800.0 3.0e-02    6 25.0    0.60202    0.00995    0.61982
15N-HN  800.0 3.0e-02   12 25.0    0.76062    0.01059    0.75548
15N-HN  800.0 3.0e-02    7 25.0    0.64037    0.01009    0.65871
15N-HN  800.0 3.0e-02   10 25.0    0.73021    0.01046    0.72992
15N-HN  800.0 3.0e-02    8 25.0    0.68749    0.01028    0.68871
15N-HN  800.0 3.0e-02    4 25.0    0.51979    0.00966    0.51170
15N-HN  800.0 3.0e-02    1 25.0    0.43281    0.00939    0.41488
15N-HN  800.0 3.0e-02   27 25.0    0.81510    0.01084    0.80900
16N-HN  800.0 3.0e-02    0 25.0    1.00000    0.00575    1.00000
16N-HN  800.0 3.0e-02   30 25.0    0.84572    0.00575    0.85035
16N-HN  800.0 3.0e-02    1 25.0    0.66297    0.00575    0.66069
16N-HN  800.0 3.0e-02   27 25.0    0.84001    0.00575    0.84999
16N-HN  800.0 3.0e-02    2 25.0    0.71464    0.00575    0.71183
16N-HN  800.0 3.0e-02   24 25.0    0.83993    0.00575    0.84948
16N-HN  800.0 3.0e-02    3 25.0    0.76813    0.00575    0.75684
16N-HN  800.0 3.0e-02   21 25.0    0.85860    0.00575    0.84874
16N-HN  800.0 3.0e-02    4 25.0    0.77740    0.00575    0.78686
16N-HN  800.0 3.0e-02   18 25.0    0.85016    0.00575    0.84760
16N-HN  800.0 3.0e-02    5 25.0    0.80210    0.00575    0.80574
16N-HN  800.0 3.0e-02   15 25.0    0.85064    0.00575    0.84575
16N-HN  800.0 3.0e-02    6 25.0    0.80632    0.00575    0.81785
16N-HN  800.0 3.0e-02   12 25.0    0.85274    0.00575    0.84241
16N-HN  800.0 3.0e-02    7 25.0    0.83366    0.00575    0.82592
16N-HN  800.0 3.0e-02   10 25.0    0.83907    0.00575    0.83845
16N-HN  800.0 3.0e-02    8 25.0    0.82084    0.00575    0.83150
16N-HN  800.0 3.0e-02    4 25.0    0.78509    0.00575    0.78686
16N-HN  800.0 3.0e-02    1 25.0    0.66099    0.00575    0.66069
16N-HN  800.0 3.0e-02   27 25.0    0.85944    0.00575    0.84999
17N-HN  800.0 3.0e-02    0 25.0    1.00000    0.00504    1.00000
17N-HN  800.0 3.0e-02   30 25.0    0.84078    0.00475    0.84132
17N-HN  800.0 3.0e-02    1 25.0    0.55193    0.00462    0.55854
17N-HN  800.0 3.0e-02   27 25.0    0.83957    0.00475    0.84058
17N-HN  800.0 3.0e-02    2 25.0    0.61890    0.00462    0.61244
17N-HN  800.0 3.0e-02   24 25.0    0.84246    0.00475    0.83957
17N-HN  800.0 3.0e-02    3 25.0    0.68461    0.00462    0.67497
17N-HN  800.0 3.0e-02   21 25.0    0.83821    0.00475    0.83809
17N-HN  800.0 3.0e-02    4 25.0    0.72653    0.00462    0.72367
17N-HN  800.0 3.0e-02   18 25.0    0.83478    0.00474    0.83584
17N-HN  800.0 3.0e-02    5 25.0    0.75596    0.00462    0.75667
17N-HN  800.0 3.0e-02   15 25.0    0.82689    0.00473    0.83216
17N-HN  800.0 3.0e-02    6 25.0    0.77652    0.00464    0.77875
17N-HN  800.0 3.0e-02   12 25.0    0.82756    0.00473    0.82557
17N-HN  800.0 3.0e-02    7 25.0    0.78904    0.00466    0.79383
17N-HN  800.0 3.0e-02   10 25.0    0.81598    0.00471    0.81784
17N-HN  800.0 3.0e-02    8 25.0    0.80194    0.00469    0.80444
17N-HN  800.0 3.0e-02    4 25.0    0.72602    0.00462    0.72367
17N-HN  800.0 3.0e-02    1 25.0    0.56134    0.00462    0.55854
17N-HN  800.0 3.0e-02   27 25.0    0.84011    0.00475    0.84058
18N-HN  800.0 3.0e-02    0 25.0    1.00000    0.00779    1.00000
18N-HN  800.0 3.0e-02   30 25.0    0.84381    0.00779    0.85156
18N-HN  800.0 3.0e-02    1 25.0    0.75667    0.00779    0.75231
18N-HN  800.0 3.0e-02   27 25.0    0.84543    0.00779    0.85140
18N-HN  800.0 3.0e-02    2 25.0    0.78779    0.00779    0.78451
18N-HN  800.0 3.0e-02   24 25.0    0.84069    0.00779    0.85118
18N-HN  800.0 3.0e-02    3 25.0    0.82380    0.00779    0.80834
18N-HN  800.0 3.0e-02   21 25.0    0.84281    0.00779    0.85086
18N-HN  800.0 3.0e-02    4 25.0    0.81569    0.00779    0.82292
18N-HN  800.0 3.0e-02   18 25.0    0.85315    0.00779    0.85037
18N-HN  800.0 3.0e-02    5 25.0    0.83749    0.00779    0.83171
18N-HN  800.0 3.0e-02   15 25.0    0.86710    0.00779    0.84956
18N-HN  800.0 3.0e-02    6 25.0    0.83912    0.00779    0.83722
18N-HN  800.0 3.0e-02   12 25.0    0.84284    0.00779    0.84811
18N-HN  800.0 3.0e-02    7 25.0    0.84400    0.00779    0.84084
18N-HN  800.0 3.0e-02   10 25.0    0.84911    0.00779    0.84638
18N-HN  800.0 3.0e-02    8 25.0    0.84653    0.00779    0.84332
18N-HN  800.0 3.0e-02    4 25.0    0.81750    0.00779    0.82292
18N-HN  800.0 3.0e-02    1 25.0    0.73869    0.00779    0.75231
18N-HN  800.0 3.0e-02   27 25.0    0.85481    0.00779    0.85140
30N-HN  800.0 3.0e-02    0 25.0    1.00000    0.00651    1.00000
30N-HN  800.0 3.0e-02   30 25.0    0.86735    0.00651    0.86136
30N-HN  800.0 3.0e-02    1 25.0    0.77613    0.00651    0.77196
30N-HN  800.0 3.0e-02   27 25.0    0.85743    0.00651    0.86122
30N-HN  800.0 3.0e-02    2 25.0    0.80346    0.00651    0.80147
30N-HN  800.0 3.0e-02   24 25.0    0.86222    0.00651    0.86103
30N-HN  800.0 3.0e-02    3 25.0    0.82371    0.00651    0.82293
30N-HN  800.0 3.0e-02   21 25.0    0.86738    0.00651    0.86075
30N-HN  800.0 3.0e-02    4 25.0    0.83717    0.00651    0.83596
30N-HN  800.0 3.0e-02   18 25.0    0.85931    0.00651    0.86031
30N-HN  800.0 3.0e-02    5 25.0    0.83243    0.00651    0.84378
30N-HN  800.0 3.0e-02   15 25.0    0.86260    0.00651    0.85960
30N-HN  800.0 3.0e-02    6 25.0    0.84847    0.00651    0.84867
30N-HN  800.0 3.0e-02   12 25.0    0.85660    0.00651    0.85832
30N-HN  800.0 3.0e-02    7 25.0    0.84864    0.00651    0.85188
30N-HN  800.0 3.0e-02   10 25.0    0.85089    0.00651    0.85678
30N-HN  800.0 3.0e-02    8 25.0    0.85046    0.00651    0.85408
30N-HN  800.0 3.0e-02    4 25.0    0.83109    0.00651    0.83596
30N-HN  800.0 3.0e-02    1 25.0    0.77122    0.00651    0.77196
30N-HN  800.0 3.0e-02   27 25.0    0.87277    0.00651    0.86122
31N-HN  800.0 3.0e-02    0 25.0    1.00000    0.01157    1.00000
31N-HN  800.0 3.0e-02   30 25.0    0.80364    0.01058    0.77876
31N-HN  800.0 3.0e-02    1 25.0    0.40172    0.00905    0.39802
31N-HN  800.0 3.0e-02   27 25.0    0.78643    0.01050    0.77612
31N-HN  800.0 3.0e-02    2 25.0    0.39914    0.00905    0.41141
31N-HN  800.0 3.0e-02   24 25.0    0.77303    0.01044    0.77247
31N-HN  800.0 3.0e-02    3 25.0    0.44598    0.00918    0.43728
31N-HN  800.0 3.0e-02   21 25.0    0.76564    0.01040    0.76723
31N-HN  800.0 3.0e-02    4 25.0    0.49196    0.00933    0.49093
31N-HN  800.0 3.0e-02   18 25.0    0.76576    0.01040    0.75932
31N-HN  800.0 3.0e-02    5 25.0    0.54728    0.00951    0.54721
31N-HN  800.0 3.0e-02   15 25.0    0.72910    0.01024    0.74667
31N-HN  800.0 3.0e-02    6 25.0    0.58069    0.00964    0.59465
31N-HN  800.0 3.0e-02   12 25.0    0.71753    0.01019    0.72478
31N-HN  800.0 3.0e-02    7 25.0    0.62818    0.00982    0.63195
31N-HN  800.0 3.0e-02   10 25.0    0.68826    0.01006    0.70027
31N-HN  800.0 3.0e-02    8 25.0    0.66174    0.00995    0.66074
31N-HN  800.0 3.0e-02    4 25.0    0.49516    0.00934    0.49093
31N-HN  800.0 3.0e-02    1 25.0    0.39136    0.00903    0.39802
31N-HN  800.0 3.0e-02   27 25.0    0.78800    0.01051    0.77612
32N-HN  800.0 3.0e-02    0 25.0    1.00000    0.01811    1.00000
32N-HN  800.0 3.0e-02   30 25.0    0.66620    0.01500    0.65618
32N-HN  800.0 3.0e-02    1 25.0    0.31857    0.01270    0.34478
32N-HN  800.0 3.0e-02   27 25.0    0.62521    0.01467    0.63171
32N-HN  800.0 3.0e-02    2 25.0    0.35427    0.01288    0.34650
32N-HN  800.0 3.0e-02   24 25.0    0.60984    0.01455    0.60077
32N-HN  800.0 3.0e-02    3 25.0    0.34799    0.01284    0.34773
32N-HN  800.0 3.0e-02   21 25.0    0.57306    0.01427    0.56160
32N-HN  800.0 3.0e-02    4 25.0    0.34905    0.01285    0.34787
32N-HN  800.0 3.0e-02   18 25.0    0.52283    0.01390    0.51259
32N-HN  800.0 3.0e-02    5 25.0    0.34493    0.01283    0.34680
32N-HN  800.0 3.0e-02   15 25.0    0.43657    0.01334    0.45381
32N-HN  800.0 3.0e-02    6 25.0    0.36623    0.01294    0.35180
32N-HN  800.0 3.0e-02   12 25.0    0.38776    0.01306    0.39163
32N-HN  800.0 3.0e-02    7 25.0    0.31834    0.01270    0.34901
32N-HN  800.0 3.0e-02   10 25.0    0.35761    0.01289    0.35857
32N-HN  800.0 3.0e-02    8 25.0    0.33493    0.01278    0.34605
32N-HN  800.0 3.0e-02    4 25.0    0.37121    0.01297    0.34787
32N-HN  800.0 3.0e-02    1 25.0    0.34139    0.01281    0.34478
32N-HN  800.0 3.0e-02   27 25.0    0.63837    0.01477    0.63171
33N-HN  800.0 3.0e-02    0 25.0    1.00000    0.02541    1.00000
33N-HN  800.0 3.0e-02   30 25.0    0.77770    0.02216    0.81356
33N-HN  800.0 3.0e-02    1 25.0    0.42386    0.01809    0.42544
33N-HN  800.0 3.0e-02   27 25.0    0.80329    0.02251    0.81130
33N-HN  800.0 3.0e-02    2 25.0    0.40826    0.01795    0.44474
33N-HN  800.0 3.0e-02   24 25.0    0.82648    0.02283    0.80817
33N-HN  800.0 3.0e-02    3 25.0    0.50104    0.01884    0.48293
33N-HN  800.0 3.0e-02   21 25.0    0.80684    0.02256    0.80365
33N-HN  800.0 3.0e-02    4 25.0    0.54202    0.01927    0.54437
33N-HN  800.0 3.0e-02   18 25.0    0.81052    0.02261    0.79683
33N-HN  800.0 3.0e-02    5 25.0    0.60976    0.02004    0.60207
33N-HN  800.0 3.0e-02   15 25.0    0.81271    0.02264    0.78586
33N-HN  800.0 3.0e-02    6 25.0    0.64648    0.02048    0.64808
33N-HN  800.0 3.0e-02   12 25.0    0.76592    0.02201    0.76672
33N-HN  800.0 3.0e-02    7 25.0    0.67254    0.02080    0.68307
33N-HN  800.0 3.0e-02   10 25.0    0.77300    0.02210    0.74504
33N-HN  800.0 3.0e-02    8 25.0    0.70807    0.02125    0.70948
33N-HN  800.0 3.0e-02    4 25.0    0.52971    0.01914    0.54437
33N-HN  800.0 3.0e-02    1 25.0    0.40099    0.01788    0.42544
33N-HN  800.0 3.0e-02   27 25.0    0.83079    0.02289    0.81130
34N-HN  800.0 3.0e-02    0 25.0    1.00000    0.00660    1.00000
34N-HN  800.0 3.0e-02   30 25.0    0.79403    0.00660    0.79525
34N-HN  800.0 3.0e-02    1 25.0    0.38454    0.00660    0.37916
34N-HN  800.0 3.0e-02   27 25.0    0.79697    0.00660    0.78640
34N-HN  800.0 3.0e-02    2 25.0    0.38484    0.00660    0.38293
34N-HN  800.0 3.0e-02   24 25.0    0.77249    0.00660    0.77439
34N-HN  800.0 3.0e-02    3 25.0    0.38132    0.00660    0.38728
34N-HN  800.0 3.0e-02   21 25.0    0.75645    0.00660    0.75757
34N-HN  800.0 3.0e-02    4 25.0    0.39019    0.00660    0.38647
34N-HN  800.0 3.0e-02   18 25.0    0.73164    0.00660    0.73318
34N-HN  800.0 3.0e-02    5 25.0    0.40137    0.00660    0.39890
34N-HN  800.0 3.0e-02   15 25.0    0.69908    0.00660    0.69644
34N-HN  800.0 3.0e-02    6 25.0    0.44148    0.00660    0.43030
34N-HN  800.0 3.0e-02   12 25.0    0.63633    0.00660    0.63916
34N-HN  800.0 3.0e-02    7 25.0    0.46830    0.00660    0.47027
34N-HN  800.0 3.0e-02   10 25.0    0.58081    0.00660    0.58367
34N-HN  800.0 3.0e-02    8 25.0    0.50000    0.00660    0.51124
34N-HN  800.0 3.0e-02    4 25.0    0.37854    0.00660    0.38647
34N-HN  800.0 3.0e-02    1 25.0    0.38022    0.00660    0.37916
34N-HN  800.0 3.0e-02   27 25.0    0.78562    0.00660    0.78640
35N-HN  800.0 3.0e-02    0 25.0    1.00000    0.00461    1.00000
35N-HN  800.0 3.0e-02   30 25.0    0.84602    0.00461    0.85018
35N-HN  800.0 3.0e-02    1 25.0    0.59689    0.00461    0.59958
35N-HN  800.0 3.0e-02   27 25.0    0.84824    0.00461    0.84960
35N-HN  800.0 3.0e-02    2 25.0    0.65742    0.00461    0.65535
35N-HN  800.0 3.0e-02   24 25.0    0.84036    0.00461    0.84881
35N-HN  800.0 3.0e-02    3 25.0    0.72056    0.00461    0.71296
35N-HN  800.0 3.0e-02   21 25.0    0.83535    0.00461    0.84765
35N-HN  800.0 3.0e-02    4 25.0    0.76184    0.00461    0.75483
35N-HN  800.0 3.0e-02   18 25.0    0.84140    0.00461    0.84588
35N-HN  800.0 3.0e-02    5 25.0    0.78040    0.00461    0.78228
35N-HN  800.0 3.0e-02   15 25.0    0.85403    0.00461    0.84298
35N-HN  800.0 3.0e-02    6 25.0    0.80161    0.00461    0.80031
35N-HN  800.0 3.0e-02   12 25.0    0.83861    0.00461    0.83779
35N-HN  800.0 3.0e-02    7 25.0    0.81578    0.00461    0.81249
35N-HN  800.0 3.0e-02   10 25.0    0.83230    0.00461    0.83166
35N-HN  800.0 3.0e-02    8 25.0    0.81977    0.00461    0.82099
35N-HN  800.0 3.0e-02    4 25.0    0.75733    0.00461    0.75483
35N-HN  800.0 3.0e-02    1 25.0    0.59291    0.00461    0.59958
35N-HN  800.0 3.0e-02   27 25.0    0.85663    0.00461    0.84960
36N-HN  800.0 3.0e-02    0 25.0    1.00000    0.00693    1.00000
36N-HN  800.0 3.0e-02   30 25.0    0.86140    0.00693    0.85959
36N-HN  800.0 3.0e-02    1 25.0    0.74737    0.00693    0.75352
36N-HN  800.0 3.0e-02   27 25.0    0.86714    0.00693    0.85942
36N-HN  800.0 3.0e-02    2 25.0    0.79345    0.00693    0.78761
36N-HN  800.0 3.0e-02   24 25.0    0.85420    0.00693    0.85918
36N-HN  800.0 3.0e-02    3 25.0    0.82795    0.00693    0.81307
36N-HN  800.0 3.0e-02   21 25.0    0.85467    0.00693    0.85884
36N-HN  800.0 3.0e-02    4 25.0    0.82205    0.00693    0.82873
36N-HN  800.0 3.0e-02   18 25.0    0.86795    0.00693    0.85831
36N-HN  800.0 3.0e-02    5 25.0    0.83773    0.00693    0.83819
36N-HN  800.0 3.0e-02   15 25.0    0.86402    0.00693    0.85744
36N-HN  800.0 3.0e-02    6 25.0    0.83729    0.00693    0.84412
36N-HN  800.0 3.0e-02   12 25.0    0.85267    0.00693    0.85587
36N-HN  800.0 3.0e-02    7 25.0    0.83705    0.00693    0.84802
36N-HN  800.0 3.0e-02   10 25.0    0.86050    0.00693    0.85400
36N-HN  800.0 3.0e-02    8 25.0    0.85198    0.00693    0.85070
36N-HN  800.0 3.0e-02    4 25.0    0.81766    0.00693    0.82873
36N-HN  800.0 3.0e-02    1 25.0    0.75614    0.00693    0.75352
36N-HN  800.0 3.0e-02   27 25.0    0.85702    0.00693    0.85942
37N-HN  800.0 3.0e-02    0 25.0    1.00000    0.02161    1.00000
37N-HN  800.0 3.0e-02   30 25.0    0.86851    0.02009    0.83929
37N-HN  800.0 3.0e-02    1 25.0    0.43784    0.01609    0.44761
37N-HN  800.0 3.0e-02   27 25.0    0.83528    0.01973    0.83726
37N-HN  800.0 3.0e-02    2 25.0    0.47588    0.01636    0.47205
37N-HN  800.0 3.0e-02   24 25.0    0.85080    0.01990    0.83445
37N-HN  800.0 3.0e-02    3 25.0    0.53234    0.01681    0.51911
37N-HN  800.0 3.0e-02   21 25.0    0.84698    0.01985    0.83039
37N-HN  800.0 3.0e-02    4 25.0    0.57210    0.01714    0.58449
37N-HN  800.0 3.0e-02   18 25.0    0.78428    0.01918    0.82425
37N-HN  800.0 3.0e-02    5 25.0    0.61582    0.01753    0.64209
37N-HN  800.0 3.0e-02   15 25.0    0.81150    0.01947    0.81434
37N-HN  800.0 3.0e-02    6 25.0    0.68276    0.01815    0.68653
37N-HN  800.0 3.0e-02   12 25.0    0.79209    0.01926    0.79697
37N-HN  800.0 3.0e-02    7 25.0    0.72811    0.01860    0.71965
37N-HN  800.0 3.0e-02   10 25.0    0.77658    0.01910    0.77716
37N-HN  800.0 3.0e-02    8 25.0    0.74913    0.01881    0.74434
37N-HN  800.0 3.0e-02    4 25.0    0.59064    0.01730    0.58449
37N-HN  800.0 3.0e-02    1 25.0    0.45426    0.01621    0.44761
37N-HN  800.0 3.0e-02   27 25.0    0.83900    0.01977    0.83726
49N-HN  800.0 3.0e-02    0 25.0    1.00000    0.01767    1.00000
49N-HN  800.0 3.0e-02   30 25.0    0.81169    0.01601    0.81895
49N-HN  800.0 3.0e-02    1 25.0    0.54772    0.01421    0.56882
49N-HN  800.0 3.0e-02   27 25.0    0.80632    0.01597    0.81836
49N-HN  800.0 3.0e-02    2 25.0    0.61647    0.01464    0.62252
49N-HN  800.0 3.0e-02   24 25.0    0.82271    0.01609    0.81754
49N-HN  800.0 3.0e-02    3 25.0    0.68313    0.01508    0.67956
49N-HN  800.0 3.0e-02   21 25.0    0.82018    0.01608    0.81635
49N-HN  800.0 3.0e-02    4 25.0    0.72622    0.01538    0.72169
49N-HN  800.0 3.0e-02   18 25.0    0.82810    0.01614    0.81453
49N-HN  800.0 3.0e-02    5 25.0    0.75325    0.01558    0.74953
49N-HN  800.0 3.0e-02   15 25.0    0.80671    0.01597    0.81156
49N-HN  800.0 3.0e-02    6 25.0    0.75930    0.01562    0.76788
49N-HN  800.0 3.0e-02   12 25.0    0.82600    0.01612    0.80623
49N-HN  800.0 3.0e-02    7 25.0    0.78566    0.01582    0.78032
49N-HN  800.0 3.0e-02   10 25.0    0.79382    0.01587    0.79994
49N-HN  800.0 3.0e-02    8 25.0    0.80012    0.01593    0.78901
49N-HN  800.0 3.0e-02    4 25.0    0.72583    0.01539    0.72169
49N-HN  800.0 3.0e-02    1 25.0    0.56354    0.01431    0.56882
49N-HN  800.0 3.0e-02   27 25.0    0.81319    0.01602    0.81836
52N-HN  800.0 3.0e-02    0 25.0    1.00000    0.00732    1.00000
52N-HN  800.0 3.0e-02   30 25.0    0.80893    0.00732    0.80414
52N-HN  800.0 3.0e-02    1 25.0    0.46680    0.00732    0.48014
52N-HN  800.0 3.0e-02   27 25.0    0.79652    0.00732    0.80305
52N-HN  800.0 3.0e-02    2 25.0    0.53093    0.00732    0.52245
52N-HN  800.0 3.0e-02   24 25.0    0.78725    0.00732    0.80153
52N-HN  800.0 3.0e-02    3 25.0    0.59817    0.00732    0.58469
52N-HN  800.0 3.0e-02   21 25.0    0.79200    0.00732    0.79934
52N-HN  800.0 3.0e-02    4 25.0    0.65169    0.00732    0.64243
52N-HN  800.0 3.0e-02   18 25.0    0.79886    0.00732    0.79600
52N-HN  800.0 3.0e-02    5 25.0    0.68222    0.00732    0.68489
52N-HN  800.0 3.0e-02   15 25.0    0.79082    0.00732    0.79056
52N-HN  800.0 3.0e-02    6 25.0    0.71971    0.00732    0.71461
52N-HN  800.0 3.0e-02   12 25.0    0.78339    0.00732    0.78090
52N-HN  800.0 3.0e-02    7 25.0    0.73169    0.00732    0.73549
52N-HN  800.0 3.0e-02   10 25.0    0.77939    0.00732    0.76966
52N-HN  800.0 3.0e-02    8 25.0    0.75000    0.00732    0.75045
52N-HN  800.0 3.0e-02    4 25.0    0.63413    0.00732    0.64243
52N-HN  800.0 3.0e-02    1 25.0    0.49143    0.00732    0.48014
52N-HN  800.0 3.0e-02   27 25.0    0.79828    0.00732    0.80305
53N-HN  800.0 3.0e-02    0 25.0    1.00000    0.00868    1.00000
53N-HN  800.0 3.0e-02   30 25.0    0.78443    0.00868    0.79193
53N-HN  800.0 3.0e-02    1 25.0    0.56900    0.00868    0.57984
53N-HN  800.0 3.0e-02   27 25.0    0.79374    0.00868    0.79148
53N-HN  800.0 3.0e-02    2 25.0    0.63048    0.00868    0.63104
53N-HN  800.0 3.0e-02   24 25.0    0.79298    0.00868    0.79085
53N-HN  800.0 3.0e-02    3 25.0    0.68095    0.00868    0.68057
53N-HN  800.0 3.0e-02   21 25.0    0.79660    0.00868    0.78993
53N-HN  800.0 3.0e-02    4 25.0    0.71172    0.00868    0.71529
53N-HN  800.0 3.0e-02   18 25.0    0.79052    0.00868    0.78853
53N-HN  800.0 3.0e-02    5 25.0    0.72278    0.00868    0.73766
53N-HN  800.0 3.0e-02   15 25.0    0.79978    0.00868    0.78624
53N-HN  800.0 3.0e-02    6 25.0    0.75898    0.00868    0.75220
53N-HN  800.0 3.0e-02   12 25.0    0.77561    0.00868    0.78213
53N-HN  800.0 3.0e-02    7 25.0    0.76970    0.00868    0.76197
53N-HN  800.0 3.0e-02   10 25.0    0.80064    0.00868    0.77726
53N-HN  800.0 3.0e-02    8 25.0    0.75960    0.00868    0.76877
53N-HN  800.0 3.0e-02    4 25.0    0.70301    0.00868    0.71529
53N-HN  800.0 3.0e-02    1 25.0    0.57545    0.00868    0.57984
53N-HN  800.0 3.0e-02   27 25.0    0.79046    0.00868    0.79148
