I50CD1-HD1  598.8 3.0e-01 -1.500e+04 3.1e+01  5.0  1.00225  0.00792  0.99903
I50CD1-HD1  598.8 3.0e-01 -1.500e+04 3.1e+01  5.0  1.00000  0.00792  0.99903
I50CD1-HD1  598.8 3.0e-01 -1.700e+03 3.1e+01  5.0  0.66955  0.00792  0.67292
I50CD1-HD1  598.8 3.0e-01 -1.670e+03 3.1e+01  5.0  0.66315  0.00792  0.67264
I50CD1-HD1  598.8 3.0e-01 -1.640e+03 3.1e+01  5.0  0.67990  0.00792  0.67232
I50CD1-HD1  598.8 3.0e-01 -1.610e+03 3.1e+01  5.0  0.66272  0.00792  0.67196
I50CD1-HD1  598.8 3.0e-01 -1.580e+03 3.1e+01  5.0  0.67358  0.00792  0.67157
I50CD1-HD1  598.8 3.0e-01 -1.550e+03 3.1e+01  5.0  0.66625  0.00792  0.67112
I50CD1-HD1  598.8 3.0e-01 -1.520e+03 3.1e+01  5.0  0.66917  0.00792  0.67062
I50CD1-HD1  598.8 3.0e-01 -1.490e+03 3.1e+01  5.0  0.67011  0.00792  0.67006
I50CD1-HD1  598.8 3.0e-01 -1.460e+03 3.1e+01  5.0  0.66808  0.00792  0.66941
I50CD1-HD1  598.8 3.0e-01 -1.430e+03 3.1e+01  5.0  0.67017  0.00792  0.66867
I50CD1-HD1  598.8 3.0e-01 -1.400e+03 3.1e+01  5.0  0.65972  0.00792  0.66782
I50CD1-HD1  598.8 3.0e-01 -1.370e+03 3.1e+01  5.0  0.65974  0.00792  0.66684
I50CD1-HD1  598.8 3.0e-01 -1.340e+03 3.1e+01  5.0  0.66336  0.00792  0.66568
I50CD1-HD1  598.8 3.0e-01 -1.310e+03 3.1e+01  5.0  0.67118  0.00792  0.66432
I50CD1-HD1  598.8 3.0e-01 -1.280e+03 3.1e+01  5.0  0.66879  0.00792  0.66269
I50CD1-HD1  598.8 3.0e-01 -1.280e+03 3.1e+01  5.0  0.66553  0.00792  0.66269
I50CD1-HD1  598.8 3.0e-01 -1.250e+03 3.1e+01  5.0  0.66865  0.00792  0.66073
I50CD1-HD1  598.8 3.0e-01 -1.250e+03 3.1e+01  5.0  0.66233  0.00792  0.66073
I50CD1-HD1  598.8 3.0e-01 -1.220e+03 3.1e+01  5.0  0.65993  0.00792  0.65832
I50CD1-HD1  598.8 3.0e-01 -1.220e+03 3.1e+01  5.0  0.65070  0.00792  0.65832
I50CD1-HD1  598.8 3.0e-01 -1.190e+03 3.1e+01  5.0  0.66322  0.00792  0.65533
I50CD1-HD1  598.8 3.0e-01 -1.160e+03 3.1e+01  5.0  0.65989  0.00792  0.65154
I50CD1-HD1  598.8 3.0e-01 -1.130e+03 3.1e+01  5.0  0.65130  0.00792  0.64662
I50CD1-HD1  598.8 3.0e-01 -1.100e+03 3.1e+01  5.0  0.63853  0.00792  0.64004
I50CD1-HD1  598.8 3.0e-01 -1.070e+03 3.1e+01  5.0  0.63512  0.00792  0.63089
I50CD1-HD1  598.8 3.0e-01 -1.040e+03 3.1e+01  5.0  0.62006  0.00792  0.61749
I50CD1-HD1  598.8 3.0e-01 -1.010e+03 3.1e+01  5.0  0.60077  0.00792  0.59630
I50CD1-HD1  598.8 3.0e-01 -9.800e+02 3.1e+01  5.0  0.56376  0.00792  0.55897
I50CD1-HD1  598.8 3.0e-01 -9.500e+02 3.1e+01  5.0  0.49222  0.00792  0.48473
I50CD1-HD1  598.8 3.0e-01 -9.200e+02 3.1e+01  5.0  0.35385  0.00792  0.35552
I50CD1-HD1  598.8 3.0e-01 -8.900e+02 3.1e+01  5.0  0.28513  0.00792  0.28943
I50CD1-HD1  598.8 3.0e-01 -8.600e+02 3.1e+01  5.0  0.26290  0.00792  0.25317
I50CD1-HD1  598.8 3.0e-01 -8.300e+02 3.1e+01  5.0  0.14293  0.00792  0.13023
I50CD1-HD1  598.8 3.0e-01 -8.000e+02 3.1e+01  5.0  0.01367  0.00792  0.01123
I50CD1-HD1  598.8 3.0e-01 -7.700e+02 3.1e+01  5.0 -0.00390  0.00792  0.00058
I50CD1-HD1  598.8 3.0e-01 -7.400e+02 3.1e+01  5.0  0.08136  0.00792  0.07288
I50CD1-HD1  598.8 3.0e-01 -7.100e+02 3.1e+01  5.0  0.27633  0.00792  0.26971
I50CD1-HD1  598.8 3.0e-01 -6.800e+02 3.1e+01  5.0  0.41527  0.00792  0.41855
I50CD1-HD1  598.8 3.0e-01 -6.500e+02 3.1e+01  5.0  0.50253  0.00792  0.50589
I50CD1-HD1  598.8 3.0e-01 -6.200e+02 3.1e+01  5.0  0.54426  0.00792  0.55758
I50CD1-HD1  598.8 3.0e-01 -5.900e+02 3.1e+01  5.0  0.59638  0.00792  0.58956
I50CD1-HD1  598.8 3.0e-01 -5.600e+02 3.1e+01  5.0  0.61690  0.00792  0.61044
I50CD1-HD1  598.8 3.0e-01 -5.300e+02 3.1e+01  5.0  0.61215  0.00792  0.62474
I50CD1-HD1  598.8 3.0e-01 -5.000e+02 3.1e+01  5.0  0.63260  0.00792  0.63493
I50CD1-HD1  598.8 3.0e-01 -4.700e+02 3.1e+01  5.0  0.64246  0.00792  0.64243
I50CD1-HD1  598.8 3.0e-01 -4.400e+02 3.1e+01  5.0  0.64587  0.00792  0.64812
I50CD1-HD1  598.8 3.0e-01 -4.100e+02 3.1e+01  5.0  0.65005  0.00792  0.65251
I50CD1-HD1  598.8 3.0e-01 -3.800e+02 3.1e+01  5.0  0.66576  0.00792  0.65599
I50CD1-HD1  598.8 3.0e-01 -3.500e+02 3.1e+01  5.0  0.65661  0.00792  0.65878
I50CD1-HD1  598.8 3.0e-01 -3.200e+02 3.1e+01  5.0  0.66241  0.00792  0.66105
I50CD1-HD1  598.8 3.0e-01 -2.900e+02 3.1e+01  5.0  0.66886  0.00792  0.66293
I50CD1-HD1  598.8 3.0e-01 -2.600e+02 3.1e+01  5.0  0.66662  0.00792  0.66449
I50CD1-HD1  598.8 3.0e-01 -2.300e+02 3.1e+01  5.0  0.66123  0.00792  0.66581
I50CD1-HD1  598.8 3.0e-01 -2.000e+02 3.1e+01  5.0  0.67426  0.00792  0.66694
I50CD1-HD1  598.8 3.0e-01 -1.700e+02 3.1e+01  5.0  0.67096  0.00792  0.66790
I50CD1-HD1  598.8 3.0e-01 -1.400e+02 3.1e+01  5.0  0.66825  0.00792  0.66873
I50CD1-HD1  598.8 3.0e-01 -1.100e+02 3.1e+01  5.0  0.67697  0.00792  0.66946
I50CD1-HD1  598.8 3.0e-01 -8.000e+01 3.1e+01  5.0  0.65920  0.00792  0.67009
I50CD1-HD1  598.8 3.0e-01 -5.000e+01 3.1e+01  5.0  0.67434  0.00792  0.67065
I50CD1-HD1  598.8 3.0e-01 -2.000e+01 3.1e+01  5.0  0.66350  0.00792  0.67115
I50CD1-HD1  598.8 3.0e-01 1.000e+01 3.1e+01  5.0  0.67595  0.00792  0.67159
I50CD1-HD1  598.8 3.0e-01 4.000e+01 3.1e+01  5.0  0.67198  0.00792  0.67198
I50CD1-HD1  598.8 3.0e-01 7.000e+01 3.1e+01  5.0  0.67721  0.00792  0.67233
I50CD1-HD1  598.8 3.0e-01 1.000e+02 3.1e+01  5.0  0.67411  0.00792  0.67265
I50CD1-HD1  598.8 3.0e-01 1.300e+02 3.1e+01  5.0  0.66746  0.00792  0.67293
I50CD1-HD1  598.8 3.0e-01 1.600e+02 3.1e+01  5.0  0.68379  0.00792  0.67319
I50CD1-HD1  598.8 3.0e-01 1.900e+02 3.1e+01  5.0  0.67742  0.00792  0.67343
I50CD1-HD1  598.8 3.0e-01 2.200e+02 3.1e+01  5.0  0.67978  0.00792  0.67364
I50CD1-HD1  598.8 3.0e-01 2.500e+02 3.1e+01  5.0  0.67430  0.00792  0.67384
I50CD1-HD1  598.8 3.0e-01 2.800e+02 3.1e+01  5.0  0.67498  0.00792  0.67402
I50CD1-HD1  598.8 3.0e-01 3.100e+02 3.1e+01  5.0  0.67670  0.00792  0.67419
I50CD1-HD1  598.8 3.0e-01 3.400e+02 3.1e+01  5.0  0.67549  0.00792  0.67434
I50CD1-HD1  598.8 3.0e-01 3.700e+02 3.1e+01  5.0  0.67932  0.00792  0.67448
I50CD1-HD1  598.8 3.0e-01 4.000e+02 3.1e+01  5.0  0.67015  0.00792  0.67461
I50CD1-HD1  598.8 3.0e-01 4.300e+02 3.1e+01  5.0  0.66400  0.00792  0.67473
I50CD1-HD1  598.8 3.0e-01 4.600e+02 3.1e+01  5.0  0.66353  0.00792  0.67484
I50CD1-HD1  598.8 3.0e-01 4.900e+02 3.1e+01  5.0  0.68189  0.00792  0.67495
I50CD1-HD1  598.8 3.0e-01 5.200e+02 3.1e+01  5.0  0.67410  0.00792  0.67504
I50CD1-HD1  598.8 3.0e-01 5.500e+02 3.1e+01  5.0  0.67743  0.00792  0.67513
I50CD1-HD1  598.8 3.0e-01 5.800e+02 3.1e+01  5.0  0.66302  0.00792  0.67522
I50CD1-HD1  598.8 3.0e-01 6.100e+02 3.1e+01  5.0  0.67879  0.00792  0.67530
I50CD1-HD1  598.8 3.0e-01 6.400e+02 3.1e+01  5.0  0.67573  0.00792  0.67537
I50CD1-HD1  598.8 3.0e-01 6.700e+02 3.1e+01  5.0  0.68328  0.00792  0.67544
I50CD1-HD1  598.8 3.0e-01 7.000e+02 3.1e+01  5.0  0.67615  0.00792  0.67551
I50CD1-HD1  598.8 3.0e-01 7.300e+02 3.1e+01  5.0  0.67751  0.00792  0.67557
I50CD1-HD1  598.8 3.0e-01 7.600e+02 3.1e+01  5.0  0.66804  0.00792  0.67563
I50CD1-HD1  598.8 3.0e-01 7.900e+02 3.1e+01  5.0  0.68308  0.00792  0.67568
I50CD1-HD1  598.8 3.0e-01 8.200e+02 3.1e+01  5.0  0.67770  0.00792  0.67573
I50CD1-HD1  598.8 3.0e-01 8.500e+02 3.1e+01  5.0  0.67743  0.00792  0.67578
I50CD1-HD1  598.8 3.0e-01 8.800e+02 3.1e+01  5.0  0.65862  0.00792  0.67583
I50CD1-HD1  598.8 3.0e-01 9.100e+02 3.1e+01  5.0  0.66924  0.00792  0.67587
I50CD1-HD1  598.8 3.0e-01 9.400e+02 3.1e+01  5.0  0.67857  0.00792  0.67592
I50CD1-HD1  598.8 3.0e-01 9.700e+02 3.1e+01  5.0  0.67520  0.00792  0.67596
I50CD1-HD1  598.8 3.0e-01 1.000e+03 3.1e+01  5.0  0.67436  0.00792  0.67599
I50CD1-HD1  598.8 3.0e-01 1.030e+03 3.1e+01  5.0  0.67345  0.00792  0.67603
I50CD1-HD1  598.8 3.0e-01 1.060e+03 3.1e+01  5.0  0.67780  0.00792  0.67606
I50CD1-HD1  598.8 3.0e-01 1.090e+03 3.1e+01  5.0  0.68534  0.00792  0.67610
I50CD1-HD1  598.8 3.0e-01 1.120e+03 3.1e+01  5.0  0.66939  0.00792  0.67613
I50CD1-HD1  598.8 3.0e-01 1.150e+03 3.1e+01  5.0  0.68266  0.00792  0.67616
I50CD1-HD1  598.8 3.0e-01 1.180e+03 3.1e+01  5.0  0.66023  0.00792  0.67618
I50CD1-HD1  598.8 3.0e-01 1.210e+03 3.1e+01  5.0  0.68032  0.00792  0.67621
I50CD1-HD1  598.8 3.0e-01 1.240e+03 3.1e+01  5.0  0.65952  0.00792  0.67624
I50CD1-HD1  598.8 3.0e-01 1.270e+03 3.1e+01  5.0  0.67006  0.00792  0.67626
