32n-hn  800.0 3.0e-02    0 25.0    1.00000    0.01811    1.00075
32n-hn  800.0 3.0e-02   30 25.0    0.66620    0.01500    0.65847
32n-hn  800.0 3.0e-02    1 25.0    0.31857    0.01295    0.34493
32n-hn  800.0 3.0e-02   27 25.0    0.62521    0.01467    0.63338
32n-hn  800.0 3.0e-02    2 25.0    0.35427    0.01295    0.34746
32n-hn  800.0 3.0e-02   24 25.0    0.60984    0.01455    0.59998
32n-hn  800.0 3.0e-02    3 25.0    0.34799    0.01295    0.34825
32n-hn  800.0 3.0e-02   21 25.0    0.57306    0.01427    0.55912
32n-hn  800.0 3.0e-02    4 25.0    0.34905    0.01295    0.34981
32n-hn  800.0 3.0e-02   18 25.0    0.52283    0.01390    0.50837
32n-hn  800.0 3.0e-02    5 25.0    0.34493    0.01295    0.34442
32n-hn  800.0 3.0e-02   15 25.0    0.43657    0.01334    0.45126
32n-hn  800.0 3.0e-02    6 25.0    0.36623    0.01295    0.34892
32n-hn  800.0 3.0e-02   12 25.0    0.38776    0.01306    0.39343
32n-hn  800.0 3.0e-02    7 25.0    0.31834    0.01295    0.34883
32n-hn  800.0 3.0e-02   10 25.0    0.35761    0.01295    0.36119
32n-hn  800.0 3.0e-02    8 25.0    0.33493    0.01295    0.34733
32n-hn  800.0 3.0e-02    4 25.0    0.37121    0.01297    0.34981
32n-hn  800.0 3.0e-02    1 25.0    0.34139    0.01295    0.34493
32n-hn  800.0 3.0e-02   27 25.0    0.63837    0.01477    0.63338
