32n-hn  500.0 3.0e-02    0 25.0    1.00000    0.01102    0.99980
32n-hn  500.0 3.0e-02   30 25.0    0.79880    0.00968    0.79340
32n-hn  500.0 3.0e-02    1 25.0    0.38521    0.00832    0.37990
32n-hn  500.0 3.0e-02   28 25.0    0.78042    0.00957    0.78513
32n-hn  500.0 3.0e-02    2 25.0    0.38378    0.00832    0.38871
32n-hn  500.0 3.0e-02   26 25.0    0.77770    0.00955    0.77507
32n-hn  500.0 3.0e-02    3 25.0    0.39299    0.00832    0.37991
32n-hn  500.0 3.0e-02   24 25.0    0.75765    0.00943    0.76268
32n-hn  500.0 3.0e-02    4 25.0    0.37494    0.00832    0.38708
32n-hn  500.0 3.0e-02   22 25.0    0.75676    0.00942    0.74725
32n-hn  500.0 3.0e-02    5 25.0    0.38743    0.00832    0.38835
32n-hn  500.0 3.0e-02   20 25.0    0.72121    0.00921    0.72783
32n-hn  500.0 3.0e-02    6 25.0    0.40120    0.00832    0.39872
32n-hn  500.0 3.0e-02   18 25.0    0.69303    0.00904    0.70313
32n-hn  500.0 3.0e-02    7 25.0    0.42276    0.00832    0.42129
32n-hn  500.0 3.0e-02   16 25.0    0.66548    0.00889    0.67151
32n-hn  500.0 3.0e-02    8 25.0    0.45528    0.00832    0.45251
32n-hn  500.0 3.0e-02   14 25.0    0.63462    0.00871    0.63106
32n-hn  500.0 3.0e-02    9 25.0    0.49334    0.00832    0.48566
32n-hn  500.0 3.0e-02   13 25.0    0.61643    0.00861    0.60689
32n-hn  500.0 3.0e-02   10 25.0    0.51356    0.00832    0.51892
32n-hn  500.0 3.0e-02   12 25.0    0.57774    0.00841    0.58014
32n-hn  500.0 3.0e-02   11 25.0    0.54382    0.00832    0.55069
32n-hn  500.0 3.0e-02    2 25.0    0.39775    0.00832    0.38871
32n-hn  500.0 3.0e-02   28 25.0    0.78616    0.00960    0.78513
32n-hn  500.0 3.0e-02    8 25.0    0.44957    0.00832    0.45251
