3N-HN   800.0 3.0e-02    0 25.0  1.00000  0.00637    0.988
3N-HN   800.0 3.0e-02   30 25.0  0.69503  0.00597    0.700
3N-HN   800.0 3.0e-02    1 25.0  0.67608  0.00595    0.675
3N-HN   800.0 3.0e-02   27 25.0  0.69861  0.00597    0.700
3N-HN   800.0 3.0e-02    2 25.0  0.68364  0.00595    0.684
3N-HN   800.0 3.0e-02   24 25.0  0.69860  0.00597    0.700
3N-HN   800.0 3.0e-02    3 25.0  0.69345  0.00597    0.689
3N-HN   800.0 3.0e-02   21 25.0  0.69968  0.00597    0.700
3N-HN   800.0 3.0e-02    4 25.0  0.68757  0.00596    0.692
3N-HN   800.0 3.0e-02   18 25.0  0.70188  0.00597    0.700
3N-HN   800.0 3.0e-02    5 25.0  0.69500  0.00597    0.695
3N-HN   800.0 3.0e-02   15 25.0  0.69944  0.00597    0.701
3N-HN   800.0 3.0e-02    6 25.0  0.69341  0.00597    0.698
3N-HN   800.0 3.0e-02   12 25.0  0.69718  0.00597    0.701
3N-HN   800.0 3.0e-02    7 25.0  0.69725  0.00597    0.699
3N-HN   800.0 3.0e-02   10 25.0  0.70251  0.00598    0.700
3N-HN   800.0 3.0e-02    8 25.0  0.70377  0.00598    0.700
3N-HN   800.0 3.0e-02    4 25.0  0.68933  0.00596    0.692
3N-HN   800.0 3.0e-02    1 25.0  0.67181  0.00594    0.675
3N-HN   800.0 3.0e-02   27 25.0  0.69980  0.00597    0.700
5N-HN   800.0 3.0e-02    0 25.0  1.00000  0.00370    0.995
5N-HN   800.0 3.0e-02   30 25.0  0.71303  0.00351    0.715
5N-HN   800.0 3.0e-02    1 25.0  0.61209  0.00345    0.614
5N-HN   800.0 3.0e-02   27 25.0  0.71591  0.00351    0.716
5N-HN   800.0 3.0e-02    2 25.0  0.65118  0.00347    0.646
5N-HN   800.0 3.0e-02   24 25.0  0.71985  0.00351    0.716
5N-HN   800.0 3.0e-02    3 25.0  0.66881  0.00348    0.668
5N-HN   800.0 3.0e-02   21 25.0  0.71531  0.00351    0.716
5N-HN   800.0 3.0e-02    4 25.0  0.68107  0.00349    0.683
5N-HN   800.0 3.0e-02   18 25.0  0.71209  0.00351    0.715
5N-HN   800.0 3.0e-02    5 25.0  0.69089  0.00350    0.691
5N-HN   800.0 3.0e-02   15 25.0  0.71078  0.00351    0.713
5N-HN   800.0 3.0e-02    6 25.0  0.69904  0.00350    0.697
5N-HN   800.0 3.0e-02   12 25.0  0.70584  0.00350    0.710
5N-HN   800.0 3.0e-02    7 25.0  0.70052  0.00350    0.700
5N-HN   800.0 3.0e-02   10 25.0  0.70317  0.00350    0.706
5N-HN   800.0 3.0e-02    8 25.0  0.70021  0.00350    0.702
5N-HN   800.0 3.0e-02    4 25.0  0.68013  0.00349    0.683
5N-HN   800.0 3.0e-02    1 25.0  0.61187  0.00345    0.614
5N-HN   800.0 3.0e-02   27 25.0  0.72163  0.00351    0.716
8N-HN   800.0 3.0e-02    0 25.0  1.00000  0.00452    0.994
8N-HN   800.0 3.0e-02   30 25.0  0.69212  0.00423    0.692
8N-HN   800.0 3.0e-02    1 25.0  0.46117  0.00407    0.465
8N-HN   800.0 3.0e-02   27 25.0  0.69445  0.00423    0.692
8N-HN   800.0 3.0e-02    2 25.0  0.52559  0.00411    0.522
8N-HN   800.0 3.0e-02   24 25.0  0.68986  0.00423    0.692
8N-HN   800.0 3.0e-02    3 25.0  0.57075  0.00414    0.571
8N-HN   800.0 3.0e-02   21 25.0  0.69005  0.00423    0.691
8N-HN   800.0 3.0e-02    4 25.0  0.60139  0.00416    0.606
8N-HN   800.0 3.0e-02   18 25.0  0.69512  0.00423    0.690
8N-HN   800.0 3.0e-02    5 25.0  0.63303  0.00418    0.630
8N-HN   800.0 3.0e-02   15 25.0  0.68471  0.00422    0.687
8N-HN   800.0 3.0e-02    6 25.0  0.63834  0.00419    0.646
8N-HN   800.0 3.0e-02   12 25.0  0.67999  0.00422    0.681
8N-HN   800.0 3.0e-02    7 25.0  0.65109  0.00420    0.656
8N-HN   800.0 3.0e-02   10 25.0  0.67889  0.00422    0.674
8N-HN   800.0 3.0e-02    8 25.0  0.66621  0.00421    0.663
8N-HN   800.0 3.0e-02    4 25.0  0.61080  0.00416    0.606
8N-HN   800.0 3.0e-02    1 25.0  0.46258  0.00407    0.465
8N-HN   800.0 3.0e-02   27 25.0  0.68795  0.00422    0.692
10N-HN  800.0 3.0e-02    0 25.0  1.00000  0.00325    0.991
10N-HN  800.0 3.0e-02   30 25.0  0.68938  0.00325    0.695
10N-HN  800.0 3.0e-02    1 25.0  0.57493  0.00325    0.578
10N-HN  800.0 3.0e-02   27 25.0  0.69146  0.00325    0.695
10N-HN  800.0 3.0e-02    2 25.0  0.61979  0.00325    0.616
10N-HN  800.0 3.0e-02   24 25.0  0.69332  0.00325    0.695
10N-HN  800.0 3.0e-02    3 25.0  0.65140  0.00325    0.643
10N-HN  800.0 3.0e-02   21 25.0  0.69675  0.00325    0.695
10N-HN  800.0 3.0e-02    4 25.0  0.65988  0.00325    0.661
10N-HN  800.0 3.0e-02   18 25.0  0.68972  0.00325    0.694
10N-HN  800.0 3.0e-02    5 25.0  0.67383  0.00325    0.672
10N-HN  800.0 3.0e-02   15 25.0  0.68972  0.00325    0.694
10N-HN  800.0 3.0e-02    6 25.0  0.68221  0.00325    0.679
10N-HN  800.0 3.0e-02   12 25.0  0.68906  0.00325    0.692
10N-HN  800.0 3.0e-02    7 25.0  0.68531  0.00325    0.684
10N-HN  800.0 3.0e-02   10 25.0  0.69110  0.00325    0.690
10N-HN  800.0 3.0e-02    8 25.0  0.68394  0.00325    0.687
10N-HN  800.0 3.0e-02    4 25.0  0.66127  0.00325    0.661
10N-HN  800.0 3.0e-02    1 25.0  0.57205  0.00325    0.578
10N-HN  800.0 3.0e-02   27 25.0  0.69498  0.00325    0.695
11N-HN  800.0 3.0e-02    0 25.0  1.00000  0.00299    0.994
11N-HN  800.0 3.0e-02   30 25.0  0.71475  0.00284    0.717
11N-HN  800.0 3.0e-02    1 25.0  0.65596  0.00281    0.653
11N-HN  800.0 3.0e-02   27 25.0  0.71768  0.00284    0.717
11N-HN  800.0 3.0e-02    2 25.0  0.67987  0.00282    0.674
11N-HN  800.0 3.0e-02   24 25.0  0.71393  0.00284    0.717
11N-HN  800.0 3.0e-02    3 25.0  0.69340  0.00283    0.688
11N-HN  800.0 3.0e-02   21 25.0  0.71497  0.00284    0.716
11N-HN  800.0 3.0e-02    4 25.0  0.69327  0.00283    0.695
11N-HN  800.0 3.0e-02   18 25.0  0.71440  0.00284    0.715
11N-HN  800.0 3.0e-02    5 25.0  0.69586  0.00283    0.699
11N-HN  800.0 3.0e-02   15 25.0  0.71125  0.00284    0.713
11N-HN  800.0 3.0e-02    6 25.0  0.69879  0.00283    0.702
11N-HN  800.0 3.0e-02   12 25.0  0.71663  0.00284    0.709
11N-HN  800.0 3.0e-02    7 25.0  0.70068  0.00283    0.705
11N-HN  800.0 3.0e-02   10 25.0  0.70571  0.00283    0.707
11N-HN  800.0 3.0e-02    8 25.0  0.70086  0.00283    0.706
11N-HN  800.0 3.0e-02    4 25.0  0.69162  0.00283    0.695
11N-HN  800.0 3.0e-02    1 25.0  0.64804  0.00281    0.653
11N-HN  800.0 3.0e-02   27 25.0  0.72357  0.00284    0.717
12N-HN  800.0 3.0e-02    0 25.0  1.00000  0.00264    0.993
12N-HN  800.0 3.0e-02   30 25.0  0.71290  0.00249    0.716
12N-HN  800.0 3.0e-02    1 25.0  0.67633  0.00249    0.676
12N-HN  800.0 3.0e-02   27 25.0  0.71410  0.00249    0.716
12N-HN  800.0 3.0e-02    2 25.0  0.68691  0.00249    0.689
12N-HN  800.0 3.0e-02   24 25.0  0.71623  0.00249    0.716
12N-HN  800.0 3.0e-02    3 25.0  0.69952  0.00249    0.697
12N-HN  800.0 3.0e-02   21 25.0  0.71844  0.00249    0.717
12N-HN  800.0 3.0e-02    4 25.0  0.70171  0.00249    0.702
12N-HN  800.0 3.0e-02   18 25.0  0.71596  0.00249    0.717
12N-HN  800.0 3.0e-02    5 25.0  0.70548  0.00249    0.706
12N-HN  800.0 3.0e-02   15 25.0  0.71415  0.00249    0.716
12N-HN  800.0 3.0e-02    6 25.0  0.70693  0.00249    0.707
12N-HN  800.0 3.0e-02   12 25.0  0.71467  0.00249    0.715
12N-HN  800.0 3.0e-02    7 25.0  0.70789  0.00249    0.708
12N-HN  800.0 3.0e-02   10 25.0  0.71568  0.00249    0.713
12N-HN  800.0 3.0e-02    8 25.0  0.70727  0.00249    0.710
12N-HN  800.0 3.0e-02    4 25.0  0.69981  0.00249    0.702
12N-HN  800.0 3.0e-02    1 25.0  0.67620  0.00249    0.676
12N-HN  800.0 3.0e-02   27 25.0  0.71714  0.00249    0.716
13N-HN  800.0 3.0e-02    0 25.0  1.00000  0.00364    0.990
13N-HN  800.0 3.0e-02   30 25.0  0.69648  0.00364    0.696
13N-HN  800.0 3.0e-02    1 25.0  0.65755  0.00364    0.657
13N-HN  800.0 3.0e-02   27 25.0  0.69618  0.00364    0.696
13N-HN  800.0 3.0e-02    2 25.0  0.67306  0.00364    0.669
13N-HN  800.0 3.0e-02   24 25.0  0.69875  0.00364    0.696
13N-HN  800.0 3.0e-02    3 25.0  0.67708  0.00364    0.677
13N-HN  800.0 3.0e-02   21 25.0  0.69645  0.00364    0.695
13N-HN  800.0 3.0e-02    4 25.0  0.68282  0.00364    0.681
13N-HN  800.0 3.0e-02   18 25.0  0.69659  0.00364    0.694
13N-HN  800.0 3.0e-02    5 25.0  0.67500  0.00364    0.683
13N-HN  800.0 3.0e-02   15 25.0  0.69499  0.00364    0.692
13N-HN  800.0 3.0e-02    6 25.0  0.67732  0.00364    0.685
13N-HN  800.0 3.0e-02   12 25.0  0.69469  0.00364    0.689
13N-HN  800.0 3.0e-02    7 25.0  0.68249  0.00364    0.686
13N-HN  800.0 3.0e-02   10 25.0  0.68656  0.00364    0.687
13N-HN  800.0 3.0e-02    8 25.0  0.67806  0.00364    0.687
13N-HN  800.0 3.0e-02    4 25.0  0.67922  0.00364    0.681
13N-HN  800.0 3.0e-02    1 25.0  0.65487  0.00364    0.657
13N-HN  800.0 3.0e-02   27 25.0  0.69113  0.00364    0.696
14N-HN  800.0 3.0e-02    0 25.0  1.00000  0.00451    0.998
14N-HN  800.0 3.0e-02   30 25.0  0.73025  0.00425    0.729
14N-HN  800.0 3.0e-02    1 25.0  0.45452  0.00406    0.452
14N-HN  800.0 3.0e-02   27 25.0  0.72969  0.00425    0.729
14N-HN  800.0 3.0e-02    2 25.0  0.51583  0.00409    0.511
14N-HN  800.0 3.0e-02   24 25.0  0.72186  0.00424    0.728
14N-HN  800.0 3.0e-02    3 25.0  0.56846  0.00413    0.567
14N-HN  800.0 3.0e-02   21 25.0  0.72415  0.00424    0.727
14N-HN  800.0 3.0e-02    4 25.0  0.61529  0.00416    0.611
14N-HN  800.0 3.0e-02   18 25.0  0.72585  0.00425    0.725
14N-HN  800.0 3.0e-02    5 25.0  0.64703  0.00418    0.643
14N-HN  800.0 3.0e-02   15 25.0  0.71904  0.00424    0.721
14N-HN  800.0 3.0e-02    6 25.0  0.66941  0.00420    0.665
14N-HN  800.0 3.0e-02   12 25.0  0.70933  0.00423    0.714
14N-HN  800.0 3.0e-02    7 25.0  0.67040  0.00420    0.679
14N-HN  800.0 3.0e-02   10 25.0  0.70058  0.00423    0.704
14N-HN  800.0 3.0e-02    8 25.0  0.68736  0.00421    0.690
14N-HN  800.0 3.0e-02    4 25.0  0.62073  0.00416    0.611
14N-HN  800.0 3.0e-02    1 25.0  0.44931  0.00406    0.452
14N-HN  800.0 3.0e-02   27 25.0  0.72823  0.00425    0.729
16N-HN  800.0 3.0e-02    0 25.0  1.00000  0.00337    0.995
16N-HN  800.0 3.0e-02   30 25.0  0.68202  0.00337    0.680
16N-HN  800.0 3.0e-02    1 25.0  0.50809  0.00337    0.510
16N-HN  800.0 3.0e-02   27 25.0  0.67596  0.00337    0.680
16N-HN  800.0 3.0e-02    2 25.0  0.56400  0.00337    0.559
16N-HN  800.0 3.0e-02   24 25.0  0.68008  0.00337    0.680
16N-HN  800.0 3.0e-02    3 25.0  0.59524  0.00337    0.597
16N-HN  800.0 3.0e-02   21 25.0  0.67390  0.00337    0.680
16N-HN  800.0 3.0e-02    4 25.0  0.63276  0.00337    0.622
16N-HN  800.0 3.0e-02   18 25.0  0.67306  0.00337    0.679
16N-HN  800.0 3.0e-02    5 25.0  0.64123  0.00337    0.639
16N-HN  800.0 3.0e-02   15 25.0  0.67514  0.00337    0.678
16N-HN  800.0 3.0e-02    6 25.0  0.64666  0.00337    0.649
16N-HN  800.0 3.0e-02   12 25.0  0.66979  0.00337    0.674
16N-HN  800.0 3.0e-02    7 25.0  0.65512  0.00337    0.656
16N-HN  800.0 3.0e-02   10 25.0  0.67333  0.00337    0.669
16N-HN  800.0 3.0e-02    8 25.0  0.65554  0.00337    0.661
16N-HN  800.0 3.0e-02    4 25.0  0.62905  0.00337    0.622
16N-HN  800.0 3.0e-02    1 25.0  0.50962  0.00337    0.510
16N-HN  800.0 3.0e-02   27 25.0  0.67831  0.00337    0.680
17N-HN  800.0 3.0e-02    0 25.0  1.00000  0.00284    0.996
17N-HN  800.0 3.0e-02   30 25.0  0.68342  0.00284    0.679
17N-HN  800.0 3.0e-02    1 25.0  0.44256  0.00284    0.443
17N-HN  800.0 3.0e-02   27 25.0  0.67427  0.00284    0.679
17N-HN  800.0 3.0e-02    2 25.0  0.49931  0.00284    0.498
17N-HN  800.0 3.0e-02   24 25.0  0.67973  0.00284    0.678
17N-HN  800.0 3.0e-02    3 25.0  0.55085  0.00284    0.550
17N-HN  800.0 3.0e-02   21 25.0  0.67254  0.00284    0.677
17N-HN  800.0 3.0e-02    4 25.0  0.58855  0.00284    0.588
17N-HN  800.0 3.0e-02   18 25.0  0.67520  0.00284    0.675
17N-HN  800.0 3.0e-02    5 25.0  0.61357  0.00284    0.614
17N-HN  800.0 3.0e-02   15 25.0  0.66985  0.00284    0.672
17N-HN  800.0 3.0e-02    6 25.0  0.63192  0.00284    0.631
17N-HN  800.0 3.0e-02   12 25.0  0.66617  0.00284    0.667
17N-HN  800.0 3.0e-02    7 25.0  0.64326  0.00284    0.643
17N-HN  800.0 3.0e-02   10 25.0  0.66137  0.00284    0.661
17N-HN  800.0 3.0e-02    8 25.0  0.64905  0.00284    0.651
17N-HN  800.0 3.0e-02    4 25.0  0.59040  0.00284    0.588
17N-HN  800.0 3.0e-02    1 25.0  0.43892  0.00284    0.443
17N-HN  800.0 3.0e-02   27 25.0  0.67624  0.00284    0.679
18N-HN  800.0 3.0e-02    0 25.0  1.00000  0.00490    0.993
18N-HN  800.0 3.0e-02   30 25.0  0.69098  0.00490    0.696
18N-HN  800.0 3.0e-02    1 25.0  0.61403  0.00490    0.616
18N-HN  800.0 3.0e-02   27 25.0  0.70113  0.00490    0.696
18N-HN  800.0 3.0e-02    2 25.0  0.64783  0.00490    0.643
18N-HN  800.0 3.0e-02   24 25.0  0.70254  0.00490    0.696
18N-HN  800.0 3.0e-02    3 25.0  0.66588  0.00490    0.661
18N-HN  800.0 3.0e-02   21 25.0  0.68791  0.00490    0.696
18N-HN  800.0 3.0e-02    4 25.0  0.66655  0.00490    0.672
18N-HN  800.0 3.0e-02   18 25.0  0.69693  0.00490    0.696
18N-HN  800.0 3.0e-02    5 25.0  0.67960  0.00490    0.678
18N-HN  800.0 3.0e-02   15 25.0  0.69571  0.00490    0.696
18N-HN  800.0 3.0e-02    6 25.0  0.68485  0.00490    0.683
18N-HN  800.0 3.0e-02   12 25.0  0.69317  0.00490    0.695
18N-HN  800.0 3.0e-02    7 25.0  0.69101  0.00490    0.687
18N-HN  800.0 3.0e-02   10 25.0  0.69538  0.00490    0.693
18N-HN  800.0 3.0e-02    8 25.0  0.68796  0.00490    0.690
18N-HN  800.0 3.0e-02    4 25.0  0.66798  0.00490    0.672
18N-HN  800.0 3.0e-02    1 25.0  0.60570  0.00490    0.616
18N-HN  800.0 3.0e-02   27 25.0  0.69189  0.00490    0.696
19N-HN  800.0 3.0e-02    0 25.0  1.00000  0.00235    0.993
19N-HN  800.0 3.0e-02   30 25.0  0.73682  0.00235    0.734
19N-HN  800.0 3.0e-02    1 25.0  0.65387  0.00235    0.655
19N-HN  800.0 3.0e-02   27 25.0  0.73532  0.00235    0.734
19N-HN  800.0 3.0e-02    2 25.0  0.68077  0.00235    0.681
19N-HN  800.0 3.0e-02   24 25.0  0.73343  0.00235    0.734
19N-HN  800.0 3.0e-02    3 25.0  0.69845  0.00235    0.699
19N-HN  800.0 3.0e-02   21 25.0  0.73045  0.00235    0.734
19N-HN  800.0 3.0e-02    4 25.0  0.71666  0.00235    0.710
19N-HN  800.0 3.0e-02   18 25.0  0.73404  0.00235    0.734
19N-HN  800.0 3.0e-02    5 25.0  0.71596  0.00235    0.716
19N-HN  800.0 3.0e-02   15 25.0  0.73543  0.00235    0.734
19N-HN  800.0 3.0e-02    6 25.0  0.71831  0.00235    0.720
19N-HN  800.0 3.0e-02   12 25.0  0.73066  0.00235    0.732
19N-HN  800.0 3.0e-02    7 25.0  0.71998  0.00235    0.724
19N-HN  800.0 3.0e-02   10 25.0  0.73030  0.00235    0.730
19N-HN  800.0 3.0e-02    8 25.0  0.72248  0.00235    0.726
19N-HN  800.0 3.0e-02    4 25.0  0.71231  0.00235    0.710
19N-HN  800.0 3.0e-02    1 25.0  0.64990  0.00235    0.655
19N-HN  800.0 3.0e-02   27 25.0  0.73259  0.00235    0.734
29N-HN  800.0 3.0e-02    0 25.0  1.00000  0.00386    0.991
29N-HN  800.0 3.0e-02   30 25.0  0.69393  0.00368    0.692
29N-HN  800.0 3.0e-02    1 25.0  0.67768  0.00368    0.678
29N-HN  800.0 3.0e-02   27 25.0  0.69170  0.00368    0.692
29N-HN  800.0 3.0e-02    2 25.0  0.68331  0.00368    0.683
29N-HN  800.0 3.0e-02   24 25.0  0.68405  0.00368    0.692
29N-HN  800.0 3.0e-02    3 25.0  0.68857  0.00368    0.686
29N-HN  800.0 3.0e-02   21 25.0  0.68930  0.00368    0.692
29N-HN  800.0 3.0e-02    4 25.0  0.68189  0.00368    0.689
29N-HN  800.0 3.0e-02   18 25.0  0.69079  0.00368    0.692
29N-HN  800.0 3.0e-02    5 25.0  0.69731  0.00368    0.691
29N-HN  800.0 3.0e-02   15 25.0  0.68944  0.00368    0.692
29N-HN  800.0 3.0e-02    6 25.0  0.69072  0.00368    0.692
29N-HN  800.0 3.0e-02   12 25.0  0.69589  0.00368    0.692
29N-HN  800.0 3.0e-02    7 25.0  0.69526  0.00368    0.692
29N-HN  800.0 3.0e-02   10 25.0  0.69177  0.00368    0.692
29N-HN  800.0 3.0e-02    8 25.0  0.69810  0.00368    0.692
29N-HN  800.0 3.0e-02    4 25.0  0.68177  0.00368    0.689
29N-HN  800.0 3.0e-02    1 25.0  0.67803  0.00368    0.678
29N-HN  800.0 3.0e-02   27 25.0  0.68669  0.00368    0.692
30N-HN  800.0 3.0e-02    0 25.0  1.00000  0.00408    0.993
30N-HN  800.0 3.0e-02   30 25.0  0.70287  0.00408    0.705
30N-HN  800.0 3.0e-02    1 25.0  0.63312  0.00408    0.629
30N-HN  800.0 3.0e-02   27 25.0  0.70236  0.00408    0.705
30N-HN  800.0 3.0e-02    2 25.0  0.64798  0.00408    0.653
30N-HN  800.0 3.0e-02   24 25.0  0.70254  0.00408    0.705
30N-HN  800.0 3.0e-02    3 25.0  0.66868  0.00408    0.669
30N-HN  800.0 3.0e-02   21 25.0  0.70700  0.00408    0.705
30N-HN  800.0 3.0e-02    4 25.0  0.67372  0.00408    0.680
30N-HN  800.0 3.0e-02   18 25.0  0.70037  0.00408    0.704
30N-HN  800.0 3.0e-02    5 25.0  0.69206  0.00408    0.685
30N-HN  800.0 3.0e-02   15 25.0  0.69830  0.00408    0.703
30N-HN  800.0 3.0e-02    6 25.0  0.69011  0.00408    0.690
30N-HN  800.0 3.0e-02   12 25.0  0.70549  0.00408    0.699
30N-HN  800.0 3.0e-02    7 25.0  0.69083  0.00408    0.692
30N-HN  800.0 3.0e-02   10 25.0  0.70171  0.00408    0.696
30N-HN  800.0 3.0e-02    8 25.0  0.68982  0.00408    0.693
30N-HN  800.0 3.0e-02    4 25.0  0.67950  0.00408    0.680
30N-HN  800.0 3.0e-02    1 25.0  0.62788  0.00408    0.629
30N-HN  800.0 3.0e-02   27 25.0  0.69955  0.00408    0.705
31N-HN  800.0 3.0e-02    0 25.0  1.00000  0.00401    0.998
31N-HN  800.0 3.0e-02   30 25.0  0.61966  0.00401    0.617
31N-HN  800.0 3.0e-02    1 25.0  0.33628  0.00401    0.326
31N-HN  800.0 3.0e-02   27 25.0  0.60795  0.00401    0.616
31N-HN  800.0 3.0e-02    2 25.0  0.33505  0.00401    0.331
31N-HN  800.0 3.0e-02   24 25.0  0.61366  0.00401    0.613
31N-HN  800.0 3.0e-02    3 25.0  0.37041  0.00401    0.362
31N-HN  800.0 3.0e-02   21 25.0  0.60990  0.00401    0.608
31N-HN  800.0 3.0e-02    4 25.0  0.39477  0.00401    0.399
31N-HN  800.0 3.0e-02   18 25.0  0.59509  0.00401    0.601
31N-HN  800.0 3.0e-02    5 25.0  0.43831  0.00401    0.445
31N-HN  800.0 3.0e-02   15 25.0  0.58023  0.00401    0.589
31N-HN  800.0 3.0e-02    6 25.0  0.47765  0.00401    0.474
31N-HN  800.0 3.0e-02   12 25.0  0.56074  0.00401    0.571
31N-HN  800.0 3.0e-02    7 25.0  0.51001  0.00401    0.502
31N-HN  800.0 3.0e-02   10 25.0  0.55422  0.00401    0.554
31N-HN  800.0 3.0e-02    8 25.0  0.52058  0.00401    0.527
31N-HN  800.0 3.0e-02    4 25.0  0.40793  0.00401    0.399
31N-HN  800.0 3.0e-02    1 25.0  0.33587  0.00401    0.326
31N-HN  800.0 3.0e-02   27 25.0  0.61846  0.00401    0.616
33N-HN  800.0 3.0e-02    0 25.0  1.00000  0.01410    1.003
33N-HN  800.0 3.0e-02   30 25.0  0.69532  0.01200    0.693
33N-HN  800.0 3.0e-02    1 25.0  0.37074  0.01039    0.370
33N-HN  800.0 3.0e-02   27 25.0  0.68836  0.01196    0.691
33N-HN  800.0 3.0e-02    2 25.0  0.39410  0.01048    0.394
33N-HN  800.0 3.0e-02   24 25.0  0.69865  0.01202    0.689
33N-HN  800.0 3.0e-02    3 25.0  0.42833  0.01062    0.434
33N-HN  800.0 3.0e-02   21 25.0  0.68041  0.01192    0.686
33N-HN  800.0 3.0e-02    4 25.0  0.47258  0.01082    0.486
33N-HN  800.0 3.0e-02   18 25.0  0.69092  0.01198    0.680
33N-HN  800.0 3.0e-02    5 25.0  0.52657  0.01108    0.533
33N-HN  800.0 3.0e-02   15 25.0  0.68087  0.01192    0.672
33N-HN  800.0 3.0e-02    6 25.0  0.57338  0.01132    0.568
33N-HN  800.0 3.0e-02   12 25.0  0.65933  0.01179    0.658
33N-HN  800.0 3.0e-02    7 25.0  0.59977  0.01146    0.595
33N-HN  800.0 3.0e-02   10 25.0  0.64402  0.01170    0.642
33N-HN  800.0 3.0e-02    8 25.0  0.60517  0.01149    0.615
33N-HN  800.0 3.0e-02    4 25.0  0.49233  0.01091    0.486
33N-HN  800.0 3.0e-02    1 25.0  0.36025  0.01036    0.370
33N-HN  800.0 3.0e-02   27 25.0  0.69304  0.01199    0.691
34N-HN  800.0 3.0e-02    0 25.0  1.00000  0.00344    0.996
34N-HN  800.0 3.0e-02   30 25.0  0.64413  0.00344    0.640
34N-HN  800.0 3.0e-02    1 25.0  0.33102  0.00344    0.333
34N-HN  800.0 3.0e-02   27 25.0  0.64576  0.00344    0.634
34N-HN  800.0 3.0e-02    2 25.0  0.32395  0.00344    0.336
34N-HN  800.0 3.0e-02   24 25.0  0.62764  0.00344    0.625
34N-HN  800.0 3.0e-02    3 25.0  0.32238  0.00344    0.336
34N-HN  800.0 3.0e-02   21 25.0  0.61598  0.00344    0.613
34N-HN  800.0 3.0e-02    4 25.0  0.34605  0.00344    0.339
34N-HN  800.0 3.0e-02   18 25.0  0.58809  0.00344    0.594
34N-HN  800.0 3.0e-02    5 25.0  0.34510  0.00344    0.347
34N-HN  800.0 3.0e-02   15 25.0  0.55888  0.00344    0.567
34N-HN  800.0 3.0e-02    6 25.0  0.36648  0.00344    0.369
34N-HN  800.0 3.0e-02   12 25.0  0.51889  0.00344    0.524
34N-HN  800.0 3.0e-02    7 25.0  0.39201  0.00344    0.397
34N-HN  800.0 3.0e-02   10 25.0  0.47839  0.00344    0.482
34N-HN  800.0 3.0e-02    8 25.0  0.42479  0.00344    0.427
34N-HN  800.0 3.0e-02    4 25.0  0.34276  0.00344    0.339
34N-HN  800.0 3.0e-02    1 25.0  0.33366  0.00344    0.333
34N-HN  800.0 3.0e-02   27 25.0  0.63958  0.00344    0.634
35N-HN  800.0 3.0e-02    0 25.0  1.00000  0.00484    0.988
35N-HN  800.0 3.0e-02   30 25.0  0.69493  0.00452    0.692
35N-HN  800.0 3.0e-02    1 25.0  0.46309  0.00434    0.468
35N-HN  800.0 3.0e-02   27 25.0  0.68853  0.00451    0.692
35N-HN  800.0 3.0e-02    2 25.0  0.53225  0.00439    0.525
35N-HN  800.0 3.0e-02   24 25.0  0.69549  0.00452    0.691
35N-HN  800.0 3.0e-02    3 25.0  0.57158  0.00442    0.575
35N-HN  800.0 3.0e-02   21 25.0  0.69361  0.00452    0.690
35N-HN  800.0 3.0e-02    4 25.0  0.60907  0.00445    0.611
35N-HN  800.0 3.0e-02   18 25.0  0.68572  0.00451    0.689
35N-HN  800.0 3.0e-02    5 25.0  0.64203  0.00447    0.635
35N-HN  800.0 3.0e-02   15 25.0  0.68869  0.00451    0.687
35N-HN  800.0 3.0e-02    6 25.0  0.65169  0.00448    0.651
35N-HN  800.0 3.0e-02   12 25.0  0.68599  0.00451    0.682
35N-HN  800.0 3.0e-02    7 25.0  0.65234  0.00448    0.661
35N-HN  800.0 3.0e-02   10 25.0  0.67371  0.00450    0.677
35N-HN  800.0 3.0e-02    8 25.0  0.66465  0.00449    0.668
35N-HN  800.0 3.0e-02    4 25.0  0.60597  0.00444    0.611
35N-HN  800.0 3.0e-02    1 25.0  0.46139  0.00434    0.468
35N-HN  800.0 3.0e-02   27 25.0  0.68753  0.00451    0.692
36N-HN  800.0 3.0e-02    0 25.0  1.00000  0.00419    0.996
36N-HN  800.0 3.0e-02   30 25.0  0.70690  0.00419    0.705
36N-HN  800.0 3.0e-02    1 25.0  0.60754  0.00419    0.606
36N-HN  800.0 3.0e-02   27 25.0  0.69862  0.00419    0.705
36N-HN  800.0 3.0e-02    2 25.0  0.63384  0.00419    0.637
36N-HN  800.0 3.0e-02   24 25.0  0.70684  0.00419    0.705
36N-HN  800.0 3.0e-02    3 25.0  0.66750  0.00419    0.661
36N-HN  800.0 3.0e-02   21 25.0  0.70172  0.00419    0.705
36N-HN  800.0 3.0e-02    4 25.0  0.68698  0.00419    0.675
36N-HN  800.0 3.0e-02   18 25.0  0.70188  0.00419    0.705
36N-HN  800.0 3.0e-02    5 25.0  0.67946  0.00419    0.683
36N-HN  800.0 3.0e-02   15 25.0  0.70593  0.00419    0.705
36N-HN  800.0 3.0e-02    6 25.0  0.68155  0.00419    0.689
36N-HN  800.0 3.0e-02   12 25.0  0.69992  0.00419    0.703
36N-HN  800.0 3.0e-02    7 25.0  0.69795  0.00419    0.693
36N-HN  800.0 3.0e-02   10 25.0  0.70415  0.00419    0.701
36N-HN  800.0 3.0e-02    8 25.0  0.69946  0.00419    0.697
36N-HN  800.0 3.0e-02    4 25.0  0.67015  0.00419    0.675
36N-HN  800.0 3.0e-02    1 25.0  0.60630  0.00419    0.606
36N-HN  800.0 3.0e-02   27 25.0  0.69803  0.00419    0.705
37N-HN  800.0 3.0e-02    0 25.0  1.00000  0.00872    0.996
37N-HN  800.0 3.0e-02   30 25.0  0.68031  0.00784    0.678
37N-HN  800.0 3.0e-02    1 25.0  0.36608  0.00725    0.361
37N-HN  800.0 3.0e-02   27 25.0  0.66115  0.00779    0.676
37N-HN  800.0 3.0e-02    2 25.0  0.40512  0.00730    0.385
37N-HN  800.0 3.0e-02   24 25.0  0.69070  0.00786    0.674
37N-HN  800.0 3.0e-02    3 25.0  0.43331  0.00735    0.425
37N-HN  800.0 3.0e-02   21 25.0  0.65125  0.00777    0.671
37N-HN  800.0 3.0e-02    4 25.0  0.46992  0.00741    0.476
37N-HN  800.0 3.0e-02   18 25.0  0.65907  0.00779    0.667
37N-HN  800.0 3.0e-02    5 25.0  0.50376  0.00747    0.522
37N-HN  800.0 3.0e-02   15 25.0  0.65909  0.00779    0.659
37N-HN  800.0 3.0e-02    6 25.0  0.55324  0.00756    0.558
37N-HN  800.0 3.0e-02   12 25.0  0.64643  0.00776    0.646
37N-HN  800.0 3.0e-02    7 25.0  0.58138  0.00762    0.585
37N-HN  800.0 3.0e-02   10 25.0  0.63474  0.00773    0.631
37N-HN  800.0 3.0e-02    8 25.0  0.60912  0.00768    0.605
37N-HN  800.0 3.0e-02    4 25.0  0.49674  0.00746    0.476
37N-HN  800.0 3.0e-02    1 25.0  0.36473  0.00725    0.361
37N-HN  800.0 3.0e-02   27 25.0  0.67596  0.00783    0.676
49N-HN  800.0 3.0e-02    0 25.0  1.00000  0.00788    0.999
49N-HN  800.0 3.0e-02   30 25.0  0.67676  0.00720    0.678
49N-HN  800.0 3.0e-02    1 25.0  0.47251  0.00691    0.473
49N-HN  800.0 3.0e-02   27 25.0  0.68524  0.00721    0.678
49N-HN  800.0 3.0e-02    2 25.0  0.53587  0.00699    0.527
49N-HN  800.0 3.0e-02   24 25.0  0.67839  0.00720    0.677
49N-HN  800.0 3.0e-02    3 25.0  0.58244  0.00705    0.574
49N-HN  800.0 3.0e-02   21 25.0  0.66114  0.00717    0.676
49N-HN  800.0 3.0e-02    4 25.0  0.61133  0.00710    0.607
49N-HN  800.0 3.0e-02   18 25.0  0.67272  0.00719    0.675
49N-HN  800.0 3.0e-02    5 25.0  0.63224  0.00713    0.628
49N-HN  800.0 3.0e-02   15 25.0  0.67150  0.00719    0.673
49N-HN  800.0 3.0e-02    6 25.0  0.63712  0.00714    0.642
49N-HN  800.0 3.0e-02   12 25.0  0.66480  0.00718    0.669
49N-HN  800.0 3.0e-02    7 25.0  0.64159  0.00714    0.651
49N-HN  800.0 3.0e-02   10 25.0  0.65414  0.00716    0.665
49N-HN  800.0 3.0e-02    8 25.0  0.65071  0.00716    0.657
49N-HN  800.0 3.0e-02    4 25.0  0.61194  0.00710    0.607
49N-HN  800.0 3.0e-02    1 25.0  0.48750  0.00692    0.473
49N-HN  800.0 3.0e-02   27 25.0  0.68408  0.00721    0.678
52N-HN  800.0 3.0e-02    0 25.0  1.00000  0.00601    0.988
52N-HN  800.0 3.0e-02   30 25.0  0.64188  0.00601    0.646
52N-HN  800.0 3.0e-02    1 25.0  0.37152  0.00601    0.370
52N-HN  800.0 3.0e-02   27 25.0  0.64890  0.00601    0.646
52N-HN  800.0 3.0e-02    2 25.0  0.41086  0.00601    0.415
52N-HN  800.0 3.0e-02   24 25.0  0.64113  0.00601    0.645
52N-HN  800.0 3.0e-02    3 25.0  0.46524  0.00601    0.467
52N-HN  800.0 3.0e-02   21 25.0  0.63469  0.00601    0.643
52N-HN  800.0 3.0e-02    4 25.0  0.51356  0.00601    0.513
52N-HN  800.0 3.0e-02   18 25.0  0.62931  0.00601    0.641
52N-HN  800.0 3.0e-02    5 25.0  0.55230  0.00601    0.549
52N-HN  800.0 3.0e-02   15 25.0  0.63869  0.00601    0.637
52N-HN  800.0 3.0e-02    6 25.0  0.58007  0.00601    0.574
52N-HN  800.0 3.0e-02   12 25.0  0.62385  0.00601    0.629
52N-HN  800.0 3.0e-02    7 25.0  0.59408  0.00601    0.592
52N-HN  800.0 3.0e-02   10 25.0  0.60924  0.00601    0.620
52N-HN  800.0 3.0e-02    8 25.0  0.60776  0.00601    0.604
52N-HN  800.0 3.0e-02    4 25.0  0.52989  0.00601    0.513
52N-HN  800.0 3.0e-02    1 25.0  0.37881  0.00601    0.370
52N-HN  800.0 3.0e-02   27 25.0  0.63646  0.00601    0.646
53N-HN  800.0 3.0e-02    0 25.0  1.00000  0.00476    0.995
53N-HN  800.0 3.0e-02   30 25.0  0.63279  0.00476    0.628
53N-HN  800.0 3.0e-02    1 25.0  0.43491  0.00476    0.435
53N-HN  800.0 3.0e-02   27 25.0  0.63172  0.00476    0.628
53N-HN  800.0 3.0e-02    2 25.0  0.49133  0.00476    0.487
53N-HN  800.0 3.0e-02   24 25.0  0.61656  0.00476    0.628
53N-HN  800.0 3.0e-02    3 25.0  0.52517  0.00476    0.529
53N-HN  800.0 3.0e-02   21 25.0  0.63093  0.00476    0.628
53N-HN  800.0 3.0e-02    4 25.0  0.54611  0.00476    0.559
53N-HN  800.0 3.0e-02   18 25.0  0.61834  0.00476    0.627
53N-HN  800.0 3.0e-02    5 25.0  0.58607  0.00476    0.578
53N-HN  800.0 3.0e-02   15 25.0  0.62774  0.00476    0.625
53N-HN  800.0 3.0e-02    6 25.0  0.57887  0.00476    0.592
53N-HN  800.0 3.0e-02   12 25.0  0.61946  0.00476    0.622
53N-HN  800.0 3.0e-02    7 25.0  0.60161  0.00476    0.601
53N-HN  800.0 3.0e-02   10 25.0  0.62842  0.00476    0.617
53N-HN  800.0 3.0e-02    8 25.0  0.61087  0.00476    0.608
53N-HN  800.0 3.0e-02    4 25.0  0.56081  0.00476    0.559
53N-HN  800.0 3.0e-02    1 25.0  0.43283  0.00476    0.435
53N-HN  800.0 3.0e-02   27 25.0  0.63049  0.00476    0.628
