3N-HN   500.0 3.0e-02    0 25.0    1.00000    0.00578    1.01609
3N-HN   500.0 3.0e-02   30 25.0    0.86989    0.00549    0.87258
3N-HN   500.0 3.0e-02    1 25.0    0.86775    0.00549    0.86677
3N-HN   500.0 3.0e-02   28 25.0    0.87400    0.00550    0.87259
3N-HN   500.0 3.0e-02    2 25.0    0.86756    0.00549    0.86866
3N-HN   500.0 3.0e-02   26 25.0    0.87329    0.00550    0.87260
3N-HN   500.0 3.0e-02    3 25.0    0.87288    0.00550    0.87054
3N-HN   500.0 3.0e-02   24 25.0    0.87058    0.00550    0.87261
3N-HN   500.0 3.0e-02    4 25.0    0.87634    0.00551    0.87161
3N-HN   500.0 3.0e-02   22 25.0    0.87646    0.00551    0.87263
3N-HN   500.0 3.0e-02    5 25.0    0.87495    0.00551    0.87214
3N-HN   500.0 3.0e-02   20 25.0    0.87069    0.00550    0.87264
3N-HN   500.0 3.0e-02    6 25.0    0.87402    0.00550    0.87241
3N-HN   500.0 3.0e-02   18 25.0    0.87324    0.00550    0.87266
3N-HN   500.0 3.0e-02    7 25.0    0.87499    0.00551    0.87256
3N-HN   500.0 3.0e-02   16 25.0    0.87725    0.00551    0.87268
3N-HN   500.0 3.0e-02    8 25.0    0.87393    0.00550    0.87263
3N-HN   500.0 3.0e-02   14 25.0    0.87130    0.00550    0.87269
3N-HN   500.0 3.0e-02    9 25.0    0.87159    0.00550    0.87267
3N-HN   500.0 3.0e-02   13 25.0    0.87313    0.00550    0.87270
3N-HN   500.0 3.0e-02   10 25.0    0.87033    0.00550    0.87269
3N-HN   500.0 3.0e-02   12 25.0    0.87035    0.00550    0.87270
3N-HN   500.0 3.0e-02   11 25.0    0.87205    0.00550    0.87270
3N-HN   500.0 3.0e-02    2 25.0    0.87090    0.00550    0.86866
3N-HN   500.0 3.0e-02   28 25.0    0.87512    0.00551    0.87259
3N-HN   500.0 3.0e-02    8 25.0    0.87281    0.00550    0.87263
5N-HN   500.0 3.0e-02    0 25.0    1.00000    0.00353    1.01329
5N-HN   500.0 3.0e-02   30 25.0    0.88181    0.00337    0.87837
5N-HN   500.0 3.0e-02    1 25.0    0.84087    0.00336    0.83828
5N-HN   500.0 3.0e-02   28 25.0    0.87973    0.00336    0.87840
5N-HN   500.0 3.0e-02    2 25.0    0.84667    0.00336    0.85127
5N-HN   500.0 3.0e-02   26 25.0    0.87826    0.00336    0.87842
5N-HN   500.0 3.0e-02    3 25.0    0.85811    0.00336    0.86069
5N-HN   500.0 3.0e-02   24 25.0    0.87931    0.00336    0.87845
5N-HN   500.0 3.0e-02    4 25.0    0.86701    0.00336    0.86624
5N-HN   500.0 3.0e-02   22 25.0    0.87561    0.00336    0.87846
5N-HN   500.0 3.0e-02    5 25.0    0.86890    0.00336    0.86975
5N-HN   500.0 3.0e-02   20 25.0    0.87700    0.00336    0.87846
5N-HN   500.0 3.0e-02    6 25.0    0.87227    0.00336    0.87236
5N-HN   500.0 3.0e-02   18 25.0    0.87800    0.00336    0.87843
5N-HN   500.0 3.0e-02    7 25.0    0.87584    0.00336    0.87421
5N-HN   500.0 3.0e-02   16 25.0    0.88204    0.00337    0.87834
5N-HN   500.0 3.0e-02    8 25.0    0.87786    0.00336    0.87552
5N-HN   500.0 3.0e-02   14 25.0    0.87855    0.00336    0.87816
5N-HN   500.0 3.0e-02    9 25.0    0.87464    0.00336    0.87642
5N-HN   500.0 3.0e-02   13 25.0    0.88450    0.00337    0.87802
5N-HN   500.0 3.0e-02   10 25.0    0.87595    0.00336    0.87705
5N-HN   500.0 3.0e-02   12 25.0    0.87860    0.00336    0.87779
5N-HN   500.0 3.0e-02   11 25.0    0.88138    0.00337    0.87749
5N-HN   500.0 3.0e-02    2 25.0    0.85230    0.00336    0.85127
5N-HN   500.0 3.0e-02   28 25.0    0.87828    0.00336    0.87840
5N-HN   500.0 3.0e-02    8 25.0    0.87623    0.00336    0.87552
8N-HN   500.0 3.0e-02    0 25.0    1.00000    0.00434    1.02144
8N-HN   500.0 3.0e-02   30 25.0    0.88344    0.00413    0.87921
8N-HN   500.0 3.0e-02    1 25.0    0.75092    0.00392    0.74874
8N-HN   500.0 3.0e-02   28 25.0    0.87878    0.00412    0.87913
8N-HN   500.0 3.0e-02    2 25.0    0.78608    0.00398    0.78829
8N-HN   500.0 3.0e-02   26 25.0    0.87282    0.00411    0.87901
8N-HN   500.0 3.0e-02    3 25.0    0.81878    0.00403    0.81832
8N-HN   500.0 3.0e-02   24 25.0    0.87715    0.00412    0.87886
8N-HN   500.0 3.0e-02    4 25.0    0.83521    0.00405    0.83792
8N-HN   500.0 3.0e-02   22 25.0    0.88288    0.00413    0.87866
8N-HN   500.0 3.0e-02    5 25.0    0.85356    0.00408    0.85039
8N-HN   500.0 3.0e-02   20 25.0    0.88196    0.00413    0.87837
8N-HN   500.0 3.0e-02    6 25.0    0.86593    0.00410    0.85862
8N-HN   500.0 3.0e-02   18 25.0    0.87872    0.00412    0.87797
8N-HN   500.0 3.0e-02    7 25.0    0.86672    0.00410    0.86416
8N-HN   500.0 3.0e-02   16 25.0    0.87570    0.00412    0.87737
8N-HN   500.0 3.0e-02    8 25.0    0.86900    0.00411    0.86794
8N-HN   500.0 3.0e-02   14 25.0    0.87724    0.00412    0.87647
8N-HN   500.0 3.0e-02    9 25.0    0.87327    0.00412    0.87061
8N-HN   500.0 3.0e-02   13 25.0    0.87108    0.00411    0.87583
8N-HN   500.0 3.0e-02   10 25.0    0.87533    0.00412    0.87253
8N-HN   500.0 3.0e-02   12 25.0    0.87472    0.00412    0.87501
8N-HN   500.0 3.0e-02   11 25.0    0.87678    0.00412    0.87394
8N-HN   500.0 3.0e-02    2 25.0    0.78994    0.00398    0.78829
8N-HN   500.0 3.0e-02   28 25.0    0.87614    0.00412    0.87913
8N-HN   500.0 3.0e-02    8 25.0    0.87353    0.00412    0.86794
10N-HN  500.0 3.0e-02    0 25.0    1.00000    0.00334    1.01963
10N-HN  500.0 3.0e-02   30 25.0    0.87774    0.00319    0.87654
10N-HN  500.0 3.0e-02    1 25.0    0.81288    0.00319    0.81246
10N-HN  500.0 3.0e-02   28 25.0    0.88001    0.00319    0.87649
10N-HN  500.0 3.0e-02    2 25.0    0.83595    0.00319    0.83300
10N-HN  500.0 3.0e-02   26 25.0    0.87695    0.00319    0.87644
10N-HN  500.0 3.0e-02    3 25.0    0.84767    0.00319    0.84848
10N-HN  500.0 3.0e-02   24 25.0    0.87297    0.00319    0.87636
10N-HN  500.0 3.0e-02    4 25.0    0.85931    0.00319    0.85828
10N-HN  500.0 3.0e-02   22 25.0    0.88170    0.00319    0.87627
10N-HN  500.0 3.0e-02    5 25.0    0.86547    0.00319    0.86421
10N-HN  500.0 3.0e-02   20 25.0    0.87293    0.00319    0.87614
10N-HN  500.0 3.0e-02    6 25.0    0.87212    0.00319    0.86784
10N-HN  500.0 3.0e-02   18 25.0    0.87825    0.00319    0.87595
10N-HN  500.0 3.0e-02    7 25.0    0.87100    0.00319    0.87018
10N-HN  500.0 3.0e-02   16 25.0    0.87706    0.00319    0.87569
10N-HN  500.0 3.0e-02    8 25.0    0.86828    0.00319    0.87176
10N-HN  500.0 3.0e-02   14 25.0    0.87459    0.00319    0.87530
10N-HN  500.0 3.0e-02    9 25.0    0.87682    0.00319    0.87286
10N-HN  500.0 3.0e-02   13 25.0    0.87783    0.00319    0.87503
10N-HN  500.0 3.0e-02   10 25.0    0.87270    0.00319    0.87365
10N-HN  500.0 3.0e-02   12 25.0    0.87582    0.00319    0.87468
10N-HN  500.0 3.0e-02   11 25.0    0.87384    0.00319    0.87424
10N-HN  500.0 3.0e-02    2 25.0    0.83762    0.00319    0.83300
10N-HN  500.0 3.0e-02   28 25.0    0.87358    0.00319    0.87649
10N-HN  500.0 3.0e-02    8 25.0    0.87125    0.00319    0.87176
11N-HN  500.0 3.0e-02    0 25.0    1.00000    0.00297    1.01388
11N-HN  500.0 3.0e-02   30 25.0    0.87882    0.00297    0.88085
11N-HN  500.0 3.0e-02    1 25.0    0.85638    0.00297    0.85638
11N-HN  500.0 3.0e-02   28 25.0    0.88219    0.00297    0.88093
11N-HN  500.0 3.0e-02    2 25.0    0.86283    0.00297    0.86426
11N-HN  500.0 3.0e-02   26 25.0    0.87738    0.00297    0.88100
11N-HN  500.0 3.0e-02    3 25.0    0.87051    0.00297    0.86956
11N-HN  500.0 3.0e-02   24 25.0    0.88222    0.00297    0.88108
11N-HN  500.0 3.0e-02    4 25.0    0.87481    0.00297    0.87313
11N-HN  500.0 3.0e-02   22 25.0    0.87922    0.00297    0.88115
11N-HN  500.0 3.0e-02    5 25.0    0.87640    0.00297    0.87497
11N-HN  500.0 3.0e-02   20 25.0    0.88293    0.00297    0.88120
11N-HN  500.0 3.0e-02    6 25.0    0.88042    0.00297    0.87620
11N-HN  500.0 3.0e-02   18 25.0    0.88093    0.00297    0.88121
11N-HN  500.0 3.0e-02    7 25.0    0.88004    0.00297    0.87711
11N-HN  500.0 3.0e-02   16 25.0    0.88717    0.00297    0.88114
11N-HN  500.0 3.0e-02    8 25.0    0.87845    0.00297    0.87815
11N-HN  500.0 3.0e-02   14 25.0    0.88169    0.00297    0.88095
11N-HN  500.0 3.0e-02    9 25.0    0.88032    0.00297    0.87894
11N-HN  500.0 3.0e-02   13 25.0    0.88093    0.00297    0.88078
11N-HN  500.0 3.0e-02   10 25.0    0.88579    0.00297    0.87963
11N-HN  500.0 3.0e-02   12 25.0    0.88066    0.00297    0.88050
11N-HN  500.0 3.0e-02   11 25.0    0.87832    0.00297    0.88013
11N-HN  500.0 3.0e-02    2 25.0    0.86091    0.00297    0.86426
11N-HN  500.0 3.0e-02   28 25.0    0.88238    0.00297    0.88093
11N-HN  500.0 3.0e-02    8 25.0    0.87687    0.00297    0.87815
12N-HN  500.0 3.0e-02    0 25.0    1.00000    0.00342    1.02100
12N-HN  500.0 3.0e-02   30 25.0    0.88076    0.00321    0.88131
12N-HN  500.0 3.0e-02    1 25.0    0.86742    0.00315    0.86424
12N-HN  500.0 3.0e-02   28 25.0    0.88168    0.00321    0.88136
12N-HN  500.0 3.0e-02    2 25.0    0.86858    0.00315    0.86966
12N-HN  500.0 3.0e-02   26 25.0    0.88242    0.00321    0.88142
12N-HN  500.0 3.0e-02    3 25.0    0.87997    0.00317    0.87374
12N-HN  500.0 3.0e-02   24 25.0    0.88339    0.00321    0.88148
12N-HN  500.0 3.0e-02    4 25.0    0.87459    0.00316    0.87583
12N-HN  500.0 3.0e-02   22 25.0    0.87916    0.00321    0.88155
12N-HN  500.0 3.0e-02    5 25.0    0.87961    0.00317    0.87740
12N-HN  500.0 3.0e-02   20 25.0    0.88161    0.00320    0.88161
12N-HN  500.0 3.0e-02    6 25.0    0.88323    0.00317    0.87878
12N-HN  500.0 3.0e-02   18 25.0    0.88180    0.00320    0.88166
12N-HN  500.0 3.0e-02    7 25.0    0.87955    0.00317    0.87980
12N-HN  500.0 3.0e-02   16 25.0    0.87781    0.00319    0.88170
12N-HN  500.0 3.0e-02    8 25.0    0.88603    0.00318    0.88051
12N-HN  500.0 3.0e-02   14 25.0    0.88667    0.00320    0.88170
12N-HN  500.0 3.0e-02    9 25.0    0.87962    0.00318    0.88098
12N-HN  500.0 3.0e-02   13 25.0    0.88299    0.00320    0.88167
12N-HN  500.0 3.0e-02   10 25.0    0.88167    0.00318    0.88129
12N-HN  500.0 3.0e-02   12 25.0    0.88176    0.00319    0.88160
12N-HN  500.0 3.0e-02   11 25.0    0.88108    0.00318    0.88149
12N-HN  500.0 3.0e-02    2 25.0    0.86826    0.00315    0.86966
12N-HN  500.0 3.0e-02   28 25.0    0.88283    0.00321    0.88136
12N-HN  500.0 3.0e-02    8 25.0    0.88099    0.00317    0.88051
13N-HN  500.0 3.0e-02    0 25.0    1.00000    0.00379    1.02190
13N-HN  500.0 3.0e-02   30 25.0    0.88071    0.00379    0.87926
13N-HN  500.0 3.0e-02    1 25.0    0.86131    0.00379    0.86067
13N-HN  500.0 3.0e-02   28 25.0    0.87937    0.00379    0.87935
13N-HN  500.0 3.0e-02    2 25.0    0.86197    0.00379    0.86657
13N-HN  500.0 3.0e-02   26 25.0    0.87658    0.00379    0.87945
13N-HN  500.0 3.0e-02    3 25.0    0.86875    0.00379    0.87043
13N-HN  500.0 3.0e-02   24 25.0    0.88071    0.00379    0.87955
13N-HN  500.0 3.0e-02    4 25.0    0.87913    0.00379    0.87315
13N-HN  500.0 3.0e-02   22 25.0    0.87473    0.00379    0.87965
13N-HN  500.0 3.0e-02    5 25.0    0.87733    0.00379    0.87440
13N-HN  500.0 3.0e-02   20 25.0    0.87774    0.00379    0.87972
13N-HN  500.0 3.0e-02    6 25.0    0.87595    0.00379    0.87530
13N-HN  500.0 3.0e-02   18 25.0    0.88165    0.00379    0.87977
13N-HN  500.0 3.0e-02    7 25.0    0.88102    0.00379    0.87603
13N-HN  500.0 3.0e-02   16 25.0    0.88022    0.00379    0.87974
13N-HN  500.0 3.0e-02    8 25.0    0.88330    0.00379    0.87698
13N-HN  500.0 3.0e-02   14 25.0    0.88624    0.00379    0.87958
13N-HN  500.0 3.0e-02    9 25.0    0.88197    0.00379    0.87771
13N-HN  500.0 3.0e-02   13 25.0    0.87631    0.00379    0.87944
13N-HN  500.0 3.0e-02   10 25.0    0.88020    0.00379    0.87837
13N-HN  500.0 3.0e-02   12 25.0    0.87875    0.00379    0.87919
13N-HN  500.0 3.0e-02   11 25.0    0.88300    0.00379    0.87884
13N-HN  500.0 3.0e-02    2 25.0    0.87166    0.00379    0.86657
13N-HN  500.0 3.0e-02   28 25.0    0.87452    0.00379    0.87935
13N-HN  500.0 3.0e-02    8 25.0    0.87850    0.00379    0.87698
14N-HN  500.0 3.0e-02    0 25.0    1.00000    0.00313    1.01499
14N-HN  500.0 3.0e-02   30 25.0    0.89976    0.00313    0.90102
14N-HN  500.0 3.0e-02    1 25.0    0.71086    0.00313    0.71119
14N-HN  500.0 3.0e-02   28 25.0    0.90348    0.00313    0.90083
14N-HN  500.0 3.0e-02    2 25.0    0.75887    0.00313    0.76508
14N-HN  500.0 3.0e-02   26 25.0    0.90106    0.00313    0.90060
14N-HN  500.0 3.0e-02    3 25.0    0.80925    0.00313    0.80806
14N-HN  500.0 3.0e-02   24 25.0    0.89903    0.00313    0.90029
14N-HN  500.0 3.0e-02    4 25.0    0.84096    0.00313    0.83732
14N-HN  500.0 3.0e-02   22 25.0    0.89819    0.00313    0.89989
14N-HN  500.0 3.0e-02    5 25.0    0.86328    0.00313    0.85614
14N-HN  500.0 3.0e-02   20 25.0    0.90056    0.00313    0.89936
14N-HN  500.0 3.0e-02    6 25.0    0.87317    0.00313    0.86850
14N-HN  500.0 3.0e-02   18 25.0    0.90170    0.00313    0.89862
14N-HN  500.0 3.0e-02    7 25.0    0.87996    0.00313    0.87685
14N-HN  500.0 3.0e-02   16 25.0    0.89801    0.00313    0.89758
14N-HN  500.0 3.0e-02    8 25.0    0.88182    0.00313    0.88261
14N-HN  500.0 3.0e-02   14 25.0    0.89280    0.00313    0.89604
14N-HN  500.0 3.0e-02    9 25.0    0.88286    0.00313    0.88671
14N-HN  500.0 3.0e-02   13 25.0    0.89947    0.00313    0.89498
14N-HN  500.0 3.0e-02   10 25.0    0.89415    0.00313    0.88971
14N-HN  500.0 3.0e-02   12 25.0    0.89186    0.00313    0.89366
14N-HN  500.0 3.0e-02   11 25.0    0.89687    0.00313    0.89194
14N-HN  500.0 3.0e-02    2 25.0    0.76629    0.00313    0.76508
14N-HN  500.0 3.0e-02   28 25.0    0.89644    0.00313    0.90083
14N-HN  500.0 3.0e-02    8 25.0    0.88190    0.00313    0.88261
16N-HN  500.0 3.0e-02    0 25.0    1.00000    0.00449    1.01882
16N-HN  500.0 3.0e-02   30 25.0    0.88022    0.00449    0.88084
16N-HN  500.0 3.0e-02    1 25.0    0.77716    0.00449    0.78866
16N-HN  500.0 3.0e-02   28 25.0    0.88325    0.00449    0.88079
16N-HN  500.0 3.0e-02    2 25.0    0.81237    0.00449    0.81753
16N-HN  500.0 3.0e-02   26 25.0    0.88671    0.00449    0.88073
16N-HN  500.0 3.0e-02    3 25.0    0.84462    0.00449    0.83908
16N-HN  500.0 3.0e-02   24 25.0    0.87049    0.00449    0.88064
16N-HN  500.0 3.0e-02    4 25.0    0.85354    0.00449    0.85275
16N-HN  500.0 3.0e-02   22 25.0    0.88744    0.00449    0.88052
16N-HN  500.0 3.0e-02    5 25.0    0.86184    0.00449    0.86152
16N-HN  500.0 3.0e-02   20 25.0    0.87671    0.00449    0.88035
16N-HN  500.0 3.0e-02    6 25.0    0.87508    0.00449    0.86723
16N-HN  500.0 3.0e-02   18 25.0    0.88747    0.00449    0.88010
16N-HN  500.0 3.0e-02    7 25.0    0.87644    0.00449    0.87100
16N-HN  500.0 3.0e-02   16 25.0    0.87610    0.00449    0.87973
16N-HN  500.0 3.0e-02    8 25.0    0.87649    0.00449    0.87356
16N-HN  500.0 3.0e-02   14 25.0    0.88233    0.00449    0.87915
16N-HN  500.0 3.0e-02    9 25.0    0.87590    0.00449    0.87533
16N-HN  500.0 3.0e-02   13 25.0    0.87039    0.00449    0.87874
16N-HN  500.0 3.0e-02   10 25.0    0.88108    0.00449    0.87660
16N-HN  500.0 3.0e-02   12 25.0    0.87614    0.00449    0.87822
16N-HN  500.0 3.0e-02   11 25.0    0.87685    0.00449    0.87752
16N-HN  500.0 3.0e-02    2 25.0    0.82904    0.00449    0.81753
16N-HN  500.0 3.0e-02   28 25.0    0.88012    0.00449    0.88079
16N-HN  500.0 3.0e-02    8 25.0    0.87627    0.00449    0.87356
17N-HN  500.0 3.0e-02    0 25.0    1.00000    0.00324    1.01732
17N-HN  500.0 3.0e-02   30 25.0    0.87450    0.00324    0.87353
17N-HN  500.0 3.0e-02    1 25.0    0.70488    0.00324    0.71008
17N-HN  500.0 3.0e-02   28 25.0    0.87515    0.00324    0.87334
17N-HN  500.0 3.0e-02    2 25.0    0.75563    0.00324    0.75756
17N-HN  500.0 3.0e-02   26 25.0    0.87485    0.00324    0.87310
17N-HN  500.0 3.0e-02    3 25.0    0.79783    0.00324    0.79507
17N-HN  500.0 3.0e-02   24 25.0    0.87307    0.00324    0.87280
17N-HN  500.0 3.0e-02    4 25.0    0.82332    0.00324    0.82009
17N-HN  500.0 3.0e-02   22 25.0    0.87203    0.00324    0.87241
17N-HN  500.0 3.0e-02    5 25.0    0.83569    0.00324    0.83600
17N-HN  500.0 3.0e-02   20 25.0    0.87250    0.00324    0.87190
17N-HN  500.0 3.0e-02    6 25.0    0.84428    0.00324    0.84617
17N-HN  500.0 3.0e-02   18 25.0    0.87772    0.00324    0.87122
17N-HN  500.0 3.0e-02    7 25.0    0.85942    0.00324    0.85298
17N-HN  500.0 3.0e-02   16 25.0    0.87430    0.00324    0.87028
17N-HN  500.0 3.0e-02    8 25.0    0.86072    0.00324    0.85767
17N-HN  500.0 3.0e-02   14 25.0    0.86656    0.00324    0.86891
17N-HN  500.0 3.0e-02    9 25.0    0.85927    0.00324    0.86104
17N-HN  500.0 3.0e-02   13 25.0    0.86879    0.00324    0.86800
17N-HN  500.0 3.0e-02   10 25.0    0.86537    0.00324    0.86352
17N-HN  500.0 3.0e-02   12 25.0    0.86721    0.00324    0.86685
17N-HN  500.0 3.0e-02   11 25.0    0.87011    0.00324    0.86540
17N-HN  500.0 3.0e-02    2 25.0    0.75287    0.00324    0.75756
17N-HN  500.0 3.0e-02   28 25.0    0.87245    0.00324    0.87334
17N-HN  500.0 3.0e-02    8 25.0    0.85691    0.00324    0.85767
18N-HN  500.0 3.0e-02    0 25.0    1.00000    0.00456    1.02139
18N-HN  500.0 3.0e-02   30 25.0    0.87847    0.00456    0.87650
18N-HN  500.0 3.0e-02    1 25.0    0.83622    0.00456    0.83034
18N-HN  500.0 3.0e-02   28 25.0    0.87576    0.00456    0.87651
18N-HN  500.0 3.0e-02    2 25.0    0.84149    0.00456    0.84530
18N-HN  500.0 3.0e-02   26 25.0    0.87788    0.00456    0.87651
18N-HN  500.0 3.0e-02    3 25.0    0.86438    0.00456    0.85607
18N-HN  500.0 3.0e-02   24 25.0    0.87650    0.00456    0.87650
18N-HN  500.0 3.0e-02    4 25.0    0.86910    0.00456    0.86289
18N-HN  500.0 3.0e-02   22 25.0    0.87837    0.00456    0.87648
18N-HN  500.0 3.0e-02    5 25.0    0.87202    0.00456    0.86744
18N-HN  500.0 3.0e-02   20 25.0    0.87622    0.00456    0.87644
18N-HN  500.0 3.0e-02    6 25.0    0.87639    0.00456    0.87038
18N-HN  500.0 3.0e-02   18 25.0    0.87665    0.00456    0.87637
18N-HN  500.0 3.0e-02    7 25.0    0.86852    0.00456    0.87229
18N-HN  500.0 3.0e-02   16 25.0    0.87461    0.00456    0.87625
18N-HN  500.0 3.0e-02    8 25.0    0.87269    0.00456    0.87354
18N-HN  500.0 3.0e-02   14 25.0    0.87434    0.00456    0.87605
18N-HN  500.0 3.0e-02    9 25.0    0.87800    0.00456    0.87438
18N-HN  500.0 3.0e-02   13 25.0    0.87487    0.00456    0.87589
18N-HN  500.0 3.0e-02   10 25.0    0.87240    0.00456    0.87497
18N-HN  500.0 3.0e-02   12 25.0    0.87751    0.00456    0.87567
18N-HN  500.0 3.0e-02   11 25.0    0.87576    0.00456    0.87538
18N-HN  500.0 3.0e-02    2 25.0    0.84680    0.00456    0.84530
18N-HN  500.0 3.0e-02   28 25.0    0.87622    0.00456    0.87651
18N-HN  500.0 3.0e-02    8 25.0    0.87184    0.00456    0.87354
19N-HN  500.0 3.0e-02    0 25.0    1.00000    0.00273    1.01605
19N-HN  500.0 3.0e-02   30 25.0    0.89014    0.00273    0.88938
19N-HN  500.0 3.0e-02    1 25.0    0.86286    0.00273    0.85732
19N-HN  500.0 3.0e-02   28 25.0    0.88817    0.00273    0.88938
19N-HN  500.0 3.0e-02    2 25.0    0.87210    0.00273    0.86790
19N-HN  500.0 3.0e-02   26 25.0    0.88904    0.00273    0.88939
19N-HN  500.0 3.0e-02    3 25.0    0.87595    0.00273    0.87527
19N-HN  500.0 3.0e-02   24 25.0    0.89176    0.00273    0.88939
19N-HN  500.0 3.0e-02    4 25.0    0.88036    0.00273    0.88017
19N-HN  500.0 3.0e-02   22 25.0    0.88737    0.00273    0.88938
19N-HN  500.0 3.0e-02    5 25.0    0.88461    0.00273    0.88340
19N-HN  500.0 3.0e-02   20 25.0    0.88780    0.00273    0.88937
19N-HN  500.0 3.0e-02    6 25.0    0.88790    0.00273    0.88542
19N-HN  500.0 3.0e-02   18 25.0    0.88886    0.00273    0.88933
19N-HN  500.0 3.0e-02    7 25.0    0.89217    0.00273    0.88671
19N-HN  500.0 3.0e-02   16 25.0    0.88772    0.00273    0.88926
19N-HN  500.0 3.0e-02    8 25.0    0.88771    0.00273    0.88754
19N-HN  500.0 3.0e-02   14 25.0    0.88736    0.00273    0.88914
19N-HN  500.0 3.0e-02    9 25.0    0.88588    0.00273    0.88809
19N-HN  500.0 3.0e-02   13 25.0    0.89055    0.00273    0.88904
19N-HN  500.0 3.0e-02   10 25.0    0.88926    0.00273    0.88846
19N-HN  500.0 3.0e-02   12 25.0    0.88780    0.00273    0.88891
19N-HN  500.0 3.0e-02   11 25.0    0.88815    0.00273    0.88872
19N-HN  500.0 3.0e-02    2 25.0    0.87147    0.00273    0.86790
19N-HN  500.0 3.0e-02   28 25.0    0.89006    0.00273    0.88938
19N-HN  500.0 3.0e-02    8 25.0    0.88950    0.00273    0.88754
29N-HN  500.0 3.0e-02    0 25.0    1.00000    0.00491    1.02274
29N-HN  500.0 3.0e-02   30 25.0    0.87393    0.00469    0.87179
29N-HN  500.0 3.0e-02    1 25.0    0.86193    0.00467    0.86587
29N-HN  500.0 3.0e-02   28 25.0    0.87378    0.00469    0.87179
29N-HN  500.0 3.0e-02    2 25.0    0.87020    0.00469    0.86828
29N-HN  500.0 3.0e-02   26 25.0    0.87380    0.00469    0.87179
29N-HN  500.0 3.0e-02    3 25.0    0.86819    0.00468    0.86981
29N-HN  500.0 3.0e-02   24 25.0    0.87311    0.00469    0.87179
29N-HN  500.0 3.0e-02    4 25.0    0.86878    0.00469    0.87061
29N-HN  500.0 3.0e-02   22 25.0    0.87223    0.00469    0.87179
29N-HN  500.0 3.0e-02    5 25.0    0.87286    0.00469    0.87105
29N-HN  500.0 3.0e-02   20 25.0    0.87361    0.00469    0.87179
29N-HN  500.0 3.0e-02    6 25.0    0.87102    0.00469    0.87131
29N-HN  500.0 3.0e-02   18 25.0    0.86770    0.00468    0.87179
29N-HN  500.0 3.0e-02    7 25.0    0.87516    0.00470    0.87146
29N-HN  500.0 3.0e-02   16 25.0    0.87420    0.00469    0.87178
29N-HN  500.0 3.0e-02    8 25.0    0.87489    0.00470    0.87156
29N-HN  500.0 3.0e-02   14 25.0    0.87222    0.00469    0.87176
29N-HN  500.0 3.0e-02    9 25.0    0.87305    0.00469    0.87163
29N-HN  500.0 3.0e-02   13 25.0    0.87665    0.00470    0.87175
29N-HN  500.0 3.0e-02   10 25.0    0.87594    0.00470    0.87168
29N-HN  500.0 3.0e-02   12 25.0    0.87557    0.00470    0.87173
29N-HN  500.0 3.0e-02   11 25.0    0.87084    0.00469    0.87171
29N-HN  500.0 3.0e-02    2 25.0    0.86926    0.00469    0.86828
29N-HN  500.0 3.0e-02   28 25.0    0.86924    0.00469    0.87179
29N-HN  500.0 3.0e-02    8 25.0    0.87239    0.00469    0.87156
30N-HN  500.0 3.0e-02    0 25.0    1.00000    0.00543    1.02245
30N-HN  500.0 3.0e-02   30 25.0    0.87103    0.00518    0.87172
30N-HN  500.0 3.0e-02    1 25.0    0.83343    0.00511    0.83515
30N-HN  500.0 3.0e-02   28 25.0    0.87462    0.00518    0.87179
30N-HN  500.0 3.0e-02    2 25.0    0.84744    0.00513    0.84646
30N-HN  500.0 3.0e-02   26 25.0    0.87288    0.00518    0.87186
30N-HN  500.0 3.0e-02    3 25.0    0.85451    0.00515    0.85505
30N-HN  500.0 3.0e-02   24 25.0    0.87061    0.00518    0.87193
30N-HN  500.0 3.0e-02    4 25.0    0.86725    0.00517    0.86043
30N-HN  500.0 3.0e-02   22 25.0    0.87140    0.00518    0.87198
30N-HN  500.0 3.0e-02    5 25.0    0.86727    0.00517    0.86323
30N-HN  500.0 3.0e-02   20 25.0    0.86910    0.00517    0.87202
30N-HN  500.0 3.0e-02    6 25.0    0.86673    0.00517    0.86542
30N-HN  500.0 3.0e-02   18 25.0    0.87606    0.00519    0.87203
30N-HN  500.0 3.0e-02    7 25.0    0.86767    0.00517    0.86713
30N-HN  500.0 3.0e-02   16 25.0    0.87527    0.00519    0.87196
30N-HN  500.0 3.0e-02    8 25.0    0.87250    0.00518    0.86855
30N-HN  500.0 3.0e-02   14 25.0    0.86849    0.00517    0.87176
30N-HN  500.0 3.0e-02    9 25.0    0.87155    0.00518    0.86960
30N-HN  500.0 3.0e-02   13 25.0    0.87520    0.00519    0.87160
30N-HN  500.0 3.0e-02   10 25.0    0.86618    0.00517    0.87038
30N-HN  500.0 3.0e-02   12 25.0    0.87070    0.00518    0.87131
30N-HN  500.0 3.0e-02   11 25.0    0.87098    0.00518    0.87093
30N-HN  500.0 3.0e-02    2 25.0    0.84834    0.00514    0.84646
30N-HN  500.0 3.0e-02   28 25.0    0.87523    0.00519    0.87179
30N-HN  500.0 3.0e-02    8 25.0    0.86880    0.00517    0.86855
31N-HN  500.0 3.0e-02    0 25.0    1.00000    0.00477    1.02086
31N-HN  500.0 3.0e-02   30 25.0    0.84827    0.00439    0.83438
31N-HN  500.0 3.0e-02    1 25.0    0.48808    0.00406    0.48960
31N-HN  500.0 3.0e-02   28 25.0    0.84952    0.00440    0.83387
31N-HN  500.0 3.0e-02    2 25.0    0.55544    0.00406    0.55250
31N-HN  500.0 3.0e-02   26 25.0    0.84164    0.00438    0.83320
31N-HN  500.0 3.0e-02    3 25.0    0.60835    0.00406    0.61458
31N-HN  500.0 3.0e-02   24 25.0    0.84448    0.00439    0.83231
31N-HN  500.0 3.0e-02    4 25.0    0.68076    0.00406    0.66931
31N-HN  500.0 3.0e-02   22 25.0    0.84129    0.00438    0.83111
31N-HN  500.0 3.0e-02    5 25.0    0.71223    0.00409    0.71273
31N-HN  500.0 3.0e-02   20 25.0    0.82056    0.00433    0.82946
31N-HN  500.0 3.0e-02    6 25.0    0.74983    0.00417    0.74361
31N-HN  500.0 3.0e-02   18 25.0    0.82302    0.00433    0.82713
31N-HN  500.0 3.0e-02    7 25.0    0.76114    0.00419    0.76353
31N-HN  500.0 3.0e-02   16 25.0    0.81820    0.00432    0.82375
31N-HN  500.0 3.0e-02    8 25.0    0.76647    0.00421    0.77862
31N-HN  500.0 3.0e-02   14 25.0    0.81792    0.00432    0.81872
31N-HN  500.0 3.0e-02    9 25.0    0.79057    0.00426    0.78978
31N-HN  500.0 3.0e-02   13 25.0    0.81081    0.00431    0.81528
31N-HN  500.0 3.0e-02   10 25.0    0.79823    0.00428    0.79861
31N-HN  500.0 3.0e-02   12 25.0    0.80256    0.00429    0.81095
31N-HN  500.0 3.0e-02   11 25.0    0.79732    0.00428    0.80550
31N-HN  500.0 3.0e-02    2 25.0    0.55622    0.00406    0.55250
31N-HN  500.0 3.0e-02   28 25.0    0.84341    0.00438    0.83387
31N-HN  500.0 3.0e-02    8 25.0    0.77084    0.00422    0.77862
33N-HN  500.0 3.0e-02    0 25.0    1.00000    0.00955    1.02246
33N-HN  500.0 3.0e-02   30 25.0    0.88999    0.00891    0.87598
33N-HN  500.0 3.0e-02    1 25.0    0.53920    0.00725    0.54862
33N-HN  500.0 3.0e-02   28 25.0    0.88345    0.00887    0.87541
33N-HN  500.0 3.0e-02    2 25.0    0.61944    0.00759    0.61764
33N-HN  500.0 3.0e-02   26 25.0    0.87736    0.00884    0.87471
33N-HN  500.0 3.0e-02    3 25.0    0.68355    0.00788    0.68274
33N-HN  500.0 3.0e-02   24 25.0    0.88631    0.00889    0.87382
33N-HN  500.0 3.0e-02    4 25.0    0.72816    0.00809    0.73627
33N-HN  500.0 3.0e-02   22 25.0    0.89250    0.00892    0.87269
33N-HN  500.0 3.0e-02    5 25.0    0.75751    0.00823    0.77432
33N-HN  500.0 3.0e-02   20 25.0    0.87503    0.00883    0.87121
33N-HN  500.0 3.0e-02    6 25.0    0.79715    0.00843    0.80023
33N-HN  500.0 3.0e-02   18 25.0    0.87782    0.00884    0.86923
33N-HN  500.0 3.0e-02    7 25.0    0.81722    0.00853    0.81823
33N-HN  500.0 3.0e-02   16 25.0    0.86822    0.00879    0.86649
33N-HN  500.0 3.0e-02    8 25.0    0.84462    0.00867    0.83097
33N-HN  500.0 3.0e-02   14 25.0    0.86287    0.00877    0.86256
33N-HN  500.0 3.0e-02    9 25.0    0.84361    0.00866    0.84028
33N-HN  500.0 3.0e-02   13 25.0    0.85664    0.00873    0.85992
33N-HN  500.0 3.0e-02   10 25.0    0.84500    0.00867    0.84721
33N-HN  500.0 3.0e-02   12 25.0    0.84678    0.00868    0.85665
33N-HN  500.0 3.0e-02   11 25.0    0.85088    0.00870    0.85252
33N-HN  500.0 3.0e-02    2 25.0    0.61093    0.00756    0.61764
33N-HN  500.0 3.0e-02   28 25.0    0.87568    0.00883    0.87541
33N-HN  500.0 3.0e-02    8 25.0    0.82524    0.00857    0.83097
34N-HN  500.0 3.0e-02    0 25.0    1.00000    0.00426    1.02236
34N-HN  500.0 3.0e-02   30 25.0    0.87057    0.00426    0.86553
34N-HN  500.0 3.0e-02    1 25.0    0.43263    0.00426    0.42675
34N-HN  500.0 3.0e-02   28 25.0    0.86037    0.00426    0.86302
34N-HN  500.0 3.0e-02    2 25.0    0.42984    0.00426    0.42745
34N-HN  500.0 3.0e-02   26 25.0    0.86901    0.00426    0.85993
34N-HN  500.0 3.0e-02    3 25.0    0.46210    0.00426    0.45248
34N-HN  500.0 3.0e-02   24 25.0    0.85358    0.00426    0.85608
34N-HN  500.0 3.0e-02    4 25.0    0.51285    0.00426    0.49700
34N-HN  500.0 3.0e-02   22 25.0    0.85105    0.00426    0.85118
34N-HN  500.0 3.0e-02    5 25.0    0.56626    0.00426    0.55605
34N-HN  500.0 3.0e-02   20 25.0    0.84605    0.00426    0.84484
34N-HN  500.0 3.0e-02    6 25.0    0.61812    0.00426    0.61160
34N-HN  500.0 3.0e-02   18 25.0    0.83856    0.00426    0.83644
34N-HN  500.0 3.0e-02    7 25.0    0.66431    0.00426    0.65869
34N-HN  500.0 3.0e-02   16 25.0    0.82347    0.00426    0.82502
34N-HN  500.0 3.0e-02    8 25.0    0.69547    0.00426    0.69663
34N-HN  500.0 3.0e-02   14 25.0    0.81507    0.00426    0.80904
34N-HN  500.0 3.0e-02    9 25.0    0.72121    0.00426    0.72686
34N-HN  500.0 3.0e-02   13 25.0    0.79494    0.00426    0.79853
34N-HN  500.0 3.0e-02   10 25.0    0.74959    0.00426    0.75098
34N-HN  500.0 3.0e-02   12 25.0    0.78286    0.00426    0.78586
34N-HN  500.0 3.0e-02   11 25.0    0.76445    0.00426    0.77023
34N-HN  500.0 3.0e-02    2 25.0    0.42811    0.00426    0.42745
34N-HN  500.0 3.0e-02   28 25.0    0.86102    0.00426    0.86302
34N-HN  500.0 3.0e-02    8 25.0    0.69199    0.00426    0.69663
35N-HN  500.0 3.0e-02    0 25.0    1.00000    0.00465    1.02498
35N-HN  500.0 3.0e-02   30 25.0    0.88539    0.00441    0.88344
35N-HN  500.0 3.0e-02    1 25.0    0.73944    0.00414    0.74180
35N-HN  500.0 3.0e-02   28 25.0    0.88180    0.00441    0.88328
35N-HN  500.0 3.0e-02    2 25.0    0.78735    0.00423    0.78437
35N-HN  500.0 3.0e-02   26 25.0    0.88009    0.00440    0.88309
35N-HN  500.0 3.0e-02    3 25.0    0.81763    0.00428    0.81726
35N-HN  500.0 3.0e-02   24 25.0    0.88213    0.00441    0.88284
35N-HN  500.0 3.0e-02    4 25.0    0.84075    0.00433    0.83872
35N-HN  500.0 3.0e-02   22 25.0    0.88633    0.00442    0.88253
35N-HN  500.0 3.0e-02    5 25.0    0.85442    0.00435    0.85218
35N-HN  500.0 3.0e-02   20 25.0    0.88563    0.00441    0.88211
35N-HN  500.0 3.0e-02    6 25.0    0.86160    0.00437    0.86075
35N-HN  500.0 3.0e-02   18 25.0    0.88256    0.00441    0.88155
35N-HN  500.0 3.0e-02    7 25.0    0.86263    0.00437    0.86643
35N-HN  500.0 3.0e-02   16 25.0    0.88344    0.00441    0.88078
35N-HN  500.0 3.0e-02    8 25.0    0.86843    0.00438    0.87035
35N-HN  500.0 3.0e-02   14 25.0    0.88387    0.00441    0.87966
35N-HN  500.0 3.0e-02    9 25.0    0.86958    0.00438    0.87315
35N-HN  500.0 3.0e-02   13 25.0    0.88350    0.00441    0.87890
35N-HN  500.0 3.0e-02   10 25.0    0.87558    0.00439    0.87520
35N-HN  500.0 3.0e-02   12 25.0    0.87474    0.00439    0.87796
35N-HN  500.0 3.0e-02   11 25.0    0.88120    0.00441    0.87676
35N-HN  500.0 3.0e-02    2 25.0    0.79413    0.00424    0.78437
35N-HN  500.0 3.0e-02   28 25.0    0.88230    0.00441    0.88328
35N-HN  500.0 3.0e-02    8 25.0    0.87319    0.00439    0.87035
36N-HN  500.0 3.0e-02    0 25.0    1.00000    0.01165    1.02339
36N-HN  500.0 3.0e-02   30 25.0    0.88027    0.01124    0.88270
36N-HN  500.0 3.0e-02    1 25.0    0.83002    0.01108    0.83554
36N-HN  500.0 3.0e-02   28 25.0    0.87764    0.01123    0.88271
36N-HN  500.0 3.0e-02    2 25.0    0.85535    0.01116    0.85080
36N-HN  500.0 3.0e-02   26 25.0    0.87697    0.01123    0.88271
36N-HN  500.0 3.0e-02    3 25.0    0.86339    0.01118    0.86185
36N-HN  500.0 3.0e-02   24 25.0    0.88188    0.01124    0.88271
36N-HN  500.0 3.0e-02    4 25.0    0.87161    0.01121    0.86871
36N-HN  500.0 3.0e-02   22 25.0    0.88636    0.01126    0.88269
36N-HN  500.0 3.0e-02    5 25.0    0.87530    0.01122    0.87333
36N-HN  500.0 3.0e-02   20 25.0    0.88784    0.01126    0.88266
36N-HN  500.0 3.0e-02    6 25.0    0.87203    0.01121    0.87637
36N-HN  500.0 3.0e-02   18 25.0    0.88393    0.01125    0.88259
36N-HN  500.0 3.0e-02    7 25.0    0.88892    0.01127    0.87835
36N-HN  500.0 3.0e-02   16 25.0    0.88226    0.01125    0.88247
36N-HN  500.0 3.0e-02    8 25.0    0.89510    0.01129    0.87966
36N-HN  500.0 3.0e-02   14 25.0    0.88865    0.01127    0.88226
36N-HN  500.0 3.0e-02    9 25.0    0.88268    0.01125    0.88054
36N-HN  500.0 3.0e-02   13 25.0    0.88265    0.01125    0.88210
36N-HN  500.0 3.0e-02   10 25.0    0.87848    0.01123    0.88114
36N-HN  500.0 3.0e-02   12 25.0    0.87720    0.01123    0.88188
36N-HN  500.0 3.0e-02   11 25.0    0.88045    0.01124    0.88157
36N-HN  500.0 3.0e-02    2 25.0    0.85837    0.01117    0.85080
36N-HN  500.0 3.0e-02   28 25.0    0.87983    0.01124    0.88271
36N-HN  500.0 3.0e-02    8 25.0    0.87710    0.01123    0.87966
37N-HN  500.0 3.0e-02    0 25.0    1.00000    0.01178    1.03732
37N-HN  500.0 3.0e-02   30 25.0    0.88683    0.01104    0.88849
37N-HN  500.0 3.0e-02    1 25.0    0.56974    0.00925    0.57004
37N-HN  500.0 3.0e-02   28 25.0    0.86985    0.01093    0.88799
37N-HN  500.0 3.0e-02    2 25.0    0.63925    0.00960    0.64022
37N-HN  500.0 3.0e-02   26 25.0    0.88942    0.01105    0.88736
37N-HN  500.0 3.0e-02    3 25.0    0.70940    0.00998    0.70477
37N-HN  500.0 3.0e-02   24 25.0    0.90064    0.01112    0.88658
37N-HN  500.0 3.0e-02    4 25.0    0.75759    0.01025    0.75698
37N-HN  500.0 3.0e-02   22 25.0    0.87878    0.01099    0.88556
37N-HN  500.0 3.0e-02    5 25.0    0.79228    0.01046    0.79359
37N-HN  500.0 3.0e-02   20 25.0    0.89798    0.01111    0.88424
37N-HN  500.0 3.0e-02    6 25.0    0.82889    0.01068    0.81825
37N-HN  500.0 3.0e-02   18 25.0    0.90727    0.01116    0.88245
37N-HN  500.0 3.0e-02    7 25.0    0.83647    0.01072    0.83522
37N-HN  500.0 3.0e-02   16 25.0    0.88443    0.01102    0.87997
37N-HN  500.0 3.0e-02    8 25.0    0.85372    0.01083    0.84718
37N-HN  500.0 3.0e-02   14 25.0    0.87967    0.01099    0.87639
37N-HN  500.0 3.0e-02    9 25.0    0.85365    0.01083    0.85583
37N-HN  500.0 3.0e-02   13 25.0    0.87030    0.01093    0.87397
37N-HN  500.0 3.0e-02   10 25.0    0.85422    0.01083    0.86228
37N-HN  500.0 3.0e-02   12 25.0    0.87096    0.01094    0.87098
37N-HN  500.0 3.0e-02   11 25.0    0.86741    0.01091    0.86716
37N-HN  500.0 3.0e-02    2 25.0    0.63943    0.00960    0.64022
37N-HN  500.0 3.0e-02   28 25.0    0.89785    0.01110    0.88799
37N-HN  500.0 3.0e-02    8 25.0    0.83535    0.01072    0.84718
49N-HN  500.0 3.0e-02    0 25.0    1.00000    0.00694    0.99988
49N-HN  500.0 3.0e-02   30 25.0    0.82080    0.00627    0.83899
49N-HN  500.0 3.0e-02    1 25.0    0.70786    0.00597    0.70840
49N-HN  500.0 3.0e-02   28 25.0    0.84772    0.00633    0.83885
49N-HN  500.0 3.0e-02    2 25.0    0.75208    0.00607    0.74763
49N-HN  500.0 3.0e-02   26 25.0    0.83365    0.00629    0.83868
49N-HN  500.0 3.0e-02    3 25.0    0.76299    0.00611    0.77837
49N-HN  500.0 3.0e-02   24 25.0    0.82263    0.00627    0.83847
49N-HN  500.0 3.0e-02    4 25.0    0.80501    0.00622    0.79825
49N-HN  500.0 3.0e-02   22 25.0    0.83842    0.00631    0.83819
49N-HN  500.0 3.0e-02    5 25.0    0.81788    0.00625    0.81065
49N-HN  500.0 3.0e-02   20 25.0    0.85619    0.00635    0.83783
49N-HN  500.0 3.0e-02    6 25.0    0.82385    0.00627    0.81849
49N-HN  500.0 3.0e-02   18 25.0    0.83917    0.00631    0.83733
49N-HN  500.0 3.0e-02    7 25.0    0.82932    0.00628    0.82367
49N-HN  500.0 3.0e-02   16 25.0    0.83385    0.00630    0.83664
49N-HN  500.0 3.0e-02    8 25.0    0.82504    0.00628    0.82724
49N-HN  500.0 3.0e-02   14 25.0    0.84200    0.00632    0.83564
49N-HN  500.0 3.0e-02    9 25.0    0.83149    0.00630    0.82977
49N-HN  500.0 3.0e-02   13 25.0    0.83696    0.00631    0.83497
49N-HN  500.0 3.0e-02   10 25.0    0.83099    0.00629    0.83164
49N-HN  500.0 3.0e-02   12 25.0    0.82910    0.00629    0.83412
49N-HN  500.0 3.0e-02   11 25.0    0.82810    0.00628    0.83304
49N-HN  500.0 3.0e-02    2 25.0    0.73712    0.00604    0.74763
49N-HN  500.0 3.0e-02   28 25.0    0.84402    0.00632    0.83885
49N-HN  500.0 3.0e-02    8 25.0    0.83520    0.00630    0.82724
52N-HN  500.0 3.0e-02    0 25.0    1.00000    0.00418    1.01724
52N-HN  500.0 3.0e-02   30 25.0    0.86035    0.00418    0.84991
52N-HN  500.0 3.0e-02    1 25.0    0.62822    0.00418    0.62634
52N-HN  500.0 3.0e-02   28 25.0    0.85210    0.00418    0.84965
52N-HN  500.0 3.0e-02    2 25.0    0.69483    0.00418    0.68564
52N-HN  500.0 3.0e-02   26 25.0    0.84703    0.00418    0.84932
52N-HN  500.0 3.0e-02    3 25.0    0.72539    0.00418    0.73482
52N-HN  500.0 3.0e-02   24 25.0    0.85804    0.00418    0.84890
52N-HN  500.0 3.0e-02    4 25.0    0.77045    0.00418    0.77047
52N-HN  500.0 3.0e-02   22 25.0    0.84660    0.00418    0.84836
52N-HN  500.0 3.0e-02    5 25.0    0.79653    0.00418    0.79400
52N-HN  500.0 3.0e-02   20 25.0    0.85194    0.00418    0.84765
52N-HN  500.0 3.0e-02    6 25.0    0.81802    0.00418    0.80927
52N-HN  500.0 3.0e-02   18 25.0    0.84460    0.00418    0.84667
52N-HN  500.0 3.0e-02    7 25.0    0.80705    0.00418    0.81950
52N-HN  500.0 3.0e-02   16 25.0    0.84855    0.00418    0.84531
52N-HN  500.0 3.0e-02    8 25.0    0.82738    0.00418    0.82658
52N-HN  500.0 3.0e-02   14 25.0    0.84508    0.00418    0.84333
52N-HN  500.0 3.0e-02    9 25.0    0.83204    0.00418    0.83162
52N-HN  500.0 3.0e-02   13 25.0    0.84088    0.00418    0.84197
52N-HN  500.0 3.0e-02   10 25.0    0.83252    0.00418    0.83534
52N-HN  500.0 3.0e-02   12 25.0    0.83699    0.00418    0.84029
52N-HN  500.0 3.0e-02   11 25.0    0.83715    0.00418    0.83813
52N-HN  500.0 3.0e-02    2 25.0    0.68628    0.00418    0.68564
52N-HN  500.0 3.0e-02   28 25.0    0.85133    0.00418    0.84965
52N-HN  500.0 3.0e-02    8 25.0    0.82745    0.00418    0.82658
53N-HN  500.0 3.0e-02    0 25.0    1.00000    0.00429    1.02100
53N-HN  500.0 3.0e-02   30 25.0    0.84393    0.00429    0.85259
53N-HN  500.0 3.0e-02    1 25.0    0.74580    0.00429    0.73286
53N-HN  500.0 3.0e-02   28 25.0    0.84363    0.00429    0.85250
53N-HN  500.0 3.0e-02    2 25.0    0.77015    0.00429    0.76930
53N-HN  500.0 3.0e-02   26 25.0    0.85896    0.00429    0.85237
53N-HN  500.0 3.0e-02    3 25.0    0.80002    0.00429    0.79712
53N-HN  500.0 3.0e-02   24 25.0    0.84633    0.00429    0.85221
53N-HN  500.0 3.0e-02    4 25.0    0.82936    0.00429    0.81570
53N-HN  500.0 3.0e-02   22 25.0    0.85618    0.00429    0.85200
53N-HN  500.0 3.0e-02    5 25.0    0.83527    0.00429    0.82733
53N-HN  500.0 3.0e-02   20 25.0    0.85226    0.00429    0.85172
53N-HN  500.0 3.0e-02    6 25.0    0.84150    0.00429    0.83461
53N-HN  500.0 3.0e-02   18 25.0    0.85079    0.00429    0.85132
53N-HN  500.0 3.0e-02    7 25.0    0.84189    0.00429    0.83936
53N-HN  500.0 3.0e-02   16 25.0    0.85058    0.00429    0.85076
53N-HN  500.0 3.0e-02    8 25.0    0.84724    0.00429    0.84258
53N-HN  500.0 3.0e-02   14 25.0    0.85166    0.00429    0.84993
53N-HN  500.0 3.0e-02    9 25.0    0.84718    0.00429    0.84484
53N-HN  500.0 3.0e-02   13 25.0    0.85237    0.00429    0.84936
53N-HN  500.0 3.0e-02   10 25.0    0.84652    0.00429    0.84649
53N-HN  500.0 3.0e-02   12 25.0    0.84340    0.00429    0.84864
53N-HN  500.0 3.0e-02   11 25.0    0.84409    0.00429    0.84771
53N-HN  500.0 3.0e-02    2 25.0    0.76989    0.00429    0.76930
53N-HN  500.0 3.0e-02   28 25.0    0.84956    0.00429    0.85250
53N-HN  500.0 3.0e-02    8 25.0    0.83540    0.00429    0.84258
