3N-HN   500.0 3.0e-02    0 25.0  1.00000  0.00658    0.989
3N-HN   500.0 3.0e-02   30 25.0  0.92459  0.00642    0.928
3N-HN   500.0 3.0e-02    1 25.0  0.92912  0.00643    0.927
3N-HN   500.0 3.0e-02   27 25.0  0.92975  0.00643    0.928
3N-HN   500.0 3.0e-02    2 25.0  0.93073  0.00644    0.928
3N-HN   500.0 3.0e-02   24 25.0  0.92428  0.00642    0.928
3N-HN   500.0 3.0e-02    3 25.0  0.92263  0.00642    0.928
3N-HN   500.0 3.0e-02   21 25.0  0.93095  0.00644    0.928
3N-HN   500.0 3.0e-02    4 25.0  0.92881  0.00643    0.928
3N-HN   500.0 3.0e-02   18 25.0  0.92007  0.00641    0.928
3N-HN   500.0 3.0e-02    5 25.0  0.91929  0.00641    0.928
3N-HN   500.0 3.0e-02   15 25.0  0.92381  0.00642    0.928
3N-HN   500.0 3.0e-02    6 25.0  0.92807  0.00643    0.928
3N-HN   500.0 3.0e-02   12 25.0  0.93103  0.00644    0.928
3N-HN   500.0 3.0e-02    7 25.0  0.92769  0.00643    0.928
3N-HN   500.0 3.0e-02   10 25.0  0.92603  0.00643    0.928
3N-HN   500.0 3.0e-02    8 25.0  0.92988  0.00643    0.928
3N-HN   500.0 3.0e-02    4 25.0  0.93103  0.00644    0.928
3N-HN   500.0 3.0e-02    1 25.0  0.93200  0.00644    0.927
3N-HN   500.0 3.0e-02   27 25.0  0.92909  0.00643    0.928
5N-HN   500.0 3.0e-02    0 25.0  1.00000  0.00497    0.987
5N-HN   500.0 3.0e-02   30 25.0  0.92183  0.00485    0.926
5N-HN   500.0 3.0e-02    1 25.0  0.89488  0.00481    0.891
5N-HN   500.0 3.0e-02   27 25.0  0.92417  0.00485    0.925
5N-HN   500.0 3.0e-02    2 25.0  0.90423  0.00482    0.904
5N-HN   500.0 3.0e-02   24 25.0  0.92498  0.00485    0.925
5N-HN   500.0 3.0e-02    3 25.0  0.91204  0.00483    0.912
5N-HN   500.0 3.0e-02   21 25.0  0.91901  0.00485    0.925
5N-HN   500.0 3.0e-02    4 25.0  0.91151  0.00483    0.917
5N-HN   500.0 3.0e-02   18 25.0  0.92158  0.00485    0.925
5N-HN   500.0 3.0e-02    5 25.0  0.92392  0.00485    0.919
5N-HN   500.0 3.0e-02   15 25.0  0.92240  0.00485    0.925
5N-HN   500.0 3.0e-02    6 25.0  0.91576  0.00484    0.921
5N-HN   500.0 3.0e-02   12 25.0  0.92733  0.00486    0.924
5N-HN   500.0 3.0e-02    7 25.0  0.92108  0.00485    0.922
5N-HN   500.0 3.0e-02   10 25.0  0.92515  0.00485    0.924
5N-HN   500.0 3.0e-02    8 25.0  0.93166  0.00486    0.923
5N-HN   500.0 3.0e-02    4 25.0  0.91261  0.00484    0.917
5N-HN   500.0 3.0e-02    1 25.0  0.89078  0.00480    0.891
5N-HN   500.0 3.0e-02   27 25.0  0.92330  0.00485    0.925
8N-HN   500.0 3.0e-02    0 25.0  1.00000  0.00457    0.988
8N-HN   500.0 3.0e-02   30 25.0  0.91364  0.00444    0.919
8N-HN   500.0 3.0e-02    1 25.0  0.78168  0.00444    0.787
8N-HN   500.0 3.0e-02   27 25.0  0.91712  0.00444    0.919
8N-HN   500.0 3.0e-02    2 25.0  0.82829  0.00444    0.831
8N-HN   500.0 3.0e-02   24 25.0  0.92683  0.00446    0.919
8N-HN   500.0 3.0e-02    3 25.0  0.86290  0.00444    0.862
8N-HN   500.0 3.0e-02   21 25.0  0.91546  0.00444    0.918
8N-HN   500.0 3.0e-02    4 25.0  0.87726  0.00444    0.881
8N-HN   500.0 3.0e-02   18 25.0  0.91404  0.00444    0.917
8N-HN   500.0 3.0e-02    5 25.0  0.89035  0.00444    0.893
8N-HN   500.0 3.0e-02   15 25.0  0.91717  0.00444    0.916
8N-HN   500.0 3.0e-02    6 25.0  0.90682  0.00444    0.900
8N-HN   500.0 3.0e-02   12 25.0  0.91719  0.00444    0.914
8N-HN   500.0 3.0e-02    7 25.0  0.90006  0.00444    0.905
8N-HN   500.0 3.0e-02   10 25.0  0.91232  0.00444    0.912
8N-HN   500.0 3.0e-02    8 25.0  0.91294  0.00444    0.908
8N-HN   500.0 3.0e-02    4 25.0  0.88338  0.00444    0.881
8N-HN   500.0 3.0e-02    1 25.0  0.78160  0.00444    0.787
8N-HN   500.0 3.0e-02   27 25.0  0.91680  0.00444    0.919
10N-HN  500.0 3.0e-02    0 25.0  1.00000  0.00373    0.987
10N-HN  500.0 3.0e-02   30 25.0  0.92352  0.00373    0.926
10N-HN  500.0 3.0e-02    1 25.0  0.84025  0.00373    0.842
10N-HN  500.0 3.0e-02   27 25.0  0.92237  0.00373    0.926
10N-HN  500.0 3.0e-02    2 25.0  0.86810  0.00373    0.872
10N-HN  500.0 3.0e-02   24 25.0  0.92285  0.00373    0.926
10N-HN  500.0 3.0e-02    3 25.0  0.90090  0.00373    0.891
10N-HN  500.0 3.0e-02   21 25.0  0.92464  0.00373    0.926
10N-HN  500.0 3.0e-02    4 25.0  0.90171  0.00373    0.903
10N-HN  500.0 3.0e-02   18 25.0  0.92289  0.00373    0.925
10N-HN  500.0 3.0e-02    5 25.0  0.91389  0.00373    0.910
10N-HN  500.0 3.0e-02   15 25.0  0.92260  0.00373    0.925
10N-HN  500.0 3.0e-02    6 25.0  0.91718  0.00373    0.915
10N-HN  500.0 3.0e-02   12 25.0  0.92153  0.00373    0.924
10N-HN  500.0 3.0e-02    7 25.0  0.90783  0.00373    0.918
10N-HN  500.0 3.0e-02   10 25.0  0.92535  0.00373    0.922
10N-HN  500.0 3.0e-02    8 25.0  0.91925  0.00373    0.920
10N-HN  500.0 3.0e-02    4 25.0  0.90029  0.00373    0.903
10N-HN  500.0 3.0e-02    1 25.0  0.84550  0.00373    0.842
10N-HN  500.0 3.0e-02   27 25.0  0.92765  0.00373    0.926
11N-HN  500.0 3.0e-02    0 25.0  1.00000  0.00352    0.990
11N-HN  500.0 3.0e-02   30 25.0  0.93830  0.00346    0.939
11N-HN  500.0 3.0e-02    1 25.0  0.91506  0.00344    0.916
11N-HN  500.0 3.0e-02   27 25.0  0.93720  0.00346    0.939
11N-HN  500.0 3.0e-02    2 25.0  0.92159  0.00344    0.925
11N-HN  500.0 3.0e-02   24 25.0  0.93973  0.00346    0.939
11N-HN  500.0 3.0e-02    3 25.0  0.93092  0.00345    0.930
11N-HN  500.0 3.0e-02   21 25.0  0.93960  0.00346    0.939
11N-HN  500.0 3.0e-02    4 25.0  0.93412  0.00345    0.933
11N-HN  500.0 3.0e-02   18 25.0  0.93766  0.00346    0.939
11N-HN  500.0 3.0e-02    5 25.0  0.93886  0.00346    0.935
11N-HN  500.0 3.0e-02   15 25.0  0.93990  0.00346    0.939
11N-HN  500.0 3.0e-02    6 25.0  0.93531  0.00346    0.937
11N-HN  500.0 3.0e-02   12 25.0  0.94229  0.00346    0.938
11N-HN  500.0 3.0e-02    7 25.0  0.93066  0.00345    0.937
11N-HN  500.0 3.0e-02   10 25.0  0.93984  0.00346    0.938
11N-HN  500.0 3.0e-02    8 25.0  0.93400  0.00345    0.938
11N-HN  500.0 3.0e-02    4 25.0  0.93506  0.00346    0.933
11N-HN  500.0 3.0e-02    1 25.0  0.91500  0.00343    0.916
11N-HN  500.0 3.0e-02   27 25.0  0.93631  0.00346    0.939
12N-HN  500.0 3.0e-02    0 25.0  1.00000  0.00374    0.987
12N-HN  500.0 3.0e-02   30 25.0  0.92406  0.00364    0.920
12N-HN  500.0 3.0e-02    1 25.0  0.89872  0.00358    0.902
12N-HN  500.0 3.0e-02   27 25.0  0.92235  0.00363    0.920
12N-HN  500.0 3.0e-02    2 25.0  0.90282  0.00359    0.909
12N-HN  500.0 3.0e-02   24 25.0  0.91951  0.00363    0.920
12N-HN  500.0 3.0e-02    3 25.0  0.91159  0.00360    0.913
12N-HN  500.0 3.0e-02   21 25.0  0.91816  0.00363    0.920
12N-HN  500.0 3.0e-02    4 25.0  0.91610  0.00360    0.916
12N-HN  500.0 3.0e-02   18 25.0  0.92251  0.00363    0.920
12N-HN  500.0 3.0e-02    5 25.0  0.91398  0.00360    0.917
12N-HN  500.0 3.0e-02   15 25.0  0.92248  0.00363    0.920
12N-HN  500.0 3.0e-02    6 25.0  0.91934  0.00361    0.918
12N-HN  500.0 3.0e-02   12 25.0  0.91882  0.00362    0.920
12N-HN  500.0 3.0e-02    7 25.0  0.92019  0.00361    0.919
12N-HN  500.0 3.0e-02   10 25.0  0.91755  0.00361    0.919
12N-HN  500.0 3.0e-02    8 25.0  0.91676  0.00361    0.919
12N-HN  500.0 3.0e-02    4 25.0  0.90508  0.00359    0.916
12N-HN  500.0 3.0e-02    1 25.0  0.90475  0.00359    0.902
12N-HN  500.0 3.0e-02   27 25.0  0.92206  0.00363    0.920
13N-HN  500.0 3.0e-02    0 25.0  1.00000  0.00430    0.985
13N-HN  500.0 3.0e-02   30 25.0  0.91359  0.00430    0.910
13N-HN  500.0 3.0e-02    1 25.0  0.88160  0.00430    0.883
13N-HN  500.0 3.0e-02   27 25.0  0.90775  0.00430    0.910
13N-HN  500.0 3.0e-02    2 25.0  0.89322  0.00430    0.893
13N-HN  500.0 3.0e-02   24 25.0  0.90982  0.00430    0.910
13N-HN  500.0 3.0e-02    3 25.0  0.89861  0.00430    0.899
13N-HN  500.0 3.0e-02   21 25.0  0.91187  0.00430    0.910
13N-HN  500.0 3.0e-02    4 25.0  0.90500  0.00430    0.903
13N-HN  500.0 3.0e-02   18 25.0  0.90522  0.00430    0.910
13N-HN  500.0 3.0e-02    5 25.0  0.90714  0.00430    0.905
13N-HN  500.0 3.0e-02   15 25.0  0.90761  0.00430    0.910
13N-HN  500.0 3.0e-02    6 25.0  0.90276  0.00430    0.907
13N-HN  500.0 3.0e-02   12 25.0  0.91016  0.00430    0.909
13N-HN  500.0 3.0e-02    7 25.0  0.91120  0.00430    0.908
13N-HN  500.0 3.0e-02   10 25.0  0.90582  0.00430    0.909
13N-HN  500.0 3.0e-02    8 25.0  0.90188  0.00430    0.908
13N-HN  500.0 3.0e-02    4 25.0  0.89868  0.00430    0.903
13N-HN  500.0 3.0e-02    1 25.0  0.88992  0.00430    0.883
13N-HN  500.0 3.0e-02   27 25.0  0.90477  0.00430    0.910
14N-HN  500.0 3.0e-02    0 25.0  1.00000  0.00504    0.980
14N-HN  500.0 3.0e-02   30 25.0  0.92028  0.00489    0.924
14N-HN  500.0 3.0e-02    1 25.0  0.70384  0.00453    0.707
14N-HN  500.0 3.0e-02   27 25.0  0.91893  0.00489    0.924
14N-HN  500.0 3.0e-02    2 25.0  0.78043  0.00465    0.773
14N-HN  500.0 3.0e-02   24 25.0  0.92092  0.00489    0.923
14N-HN  500.0 3.0e-02    3 25.0  0.81636  0.00471    0.823
14N-HN  500.0 3.0e-02   21 25.0  0.92538  0.00490    0.922
14N-HN  500.0 3.0e-02    4 25.0  0.86177  0.00479    0.856
14N-HN  500.0 3.0e-02   18 25.0  0.92074  0.00489    0.921
14N-HN  500.0 3.0e-02    5 25.0  0.87619  0.00481    0.876
14N-HN  500.0 3.0e-02   15 25.0  0.91949  0.00489    0.919
14N-HN  500.0 3.0e-02    6 25.0  0.89075  0.00484    0.889
14N-HN  500.0 3.0e-02   12 25.0  0.91119  0.00488    0.916
14N-HN  500.0 3.0e-02    7 25.0  0.89718  0.00485    0.898
14N-HN  500.0 3.0e-02   10 25.0  0.91088  0.00487    0.911
14N-HN  500.0 3.0e-02    8 25.0  0.90755  0.00487    0.904
14N-HN  500.0 3.0e-02    4 25.0  0.85704  0.00478    0.856
14N-HN  500.0 3.0e-02    1 25.0  0.70147  0.00453    0.707
14N-HN  500.0 3.0e-02   27 25.0  0.91332  0.00488    0.924
16N-HN  500.0 3.0e-02    0 25.0  1.00000  0.00489    0.988
16N-HN  500.0 3.0e-02   30 25.0  0.90769  0.00489    0.907
16N-HN  500.0 3.0e-02    1 25.0  0.81308  0.00489    0.810
16N-HN  500.0 3.0e-02   27 25.0  0.90263  0.00489    0.907
16N-HN  500.0 3.0e-02    2 25.0  0.84477  0.00489    0.843
16N-HN  500.0 3.0e-02   24 25.0  0.89725  0.00489    0.907
16N-HN  500.0 3.0e-02    3 25.0  0.86934  0.00489    0.867
16N-HN  500.0 3.0e-02   21 25.0  0.90661  0.00489    0.907
16N-HN  500.0 3.0e-02    4 25.0  0.88358  0.00489    0.880
16N-HN  500.0 3.0e-02   18 25.0  0.90480  0.00489    0.906
16N-HN  500.0 3.0e-02    5 25.0  0.89530  0.00489    0.889
16N-HN  500.0 3.0e-02   15 25.0  0.89233  0.00489    0.905
16N-HN  500.0 3.0e-02    6 25.0  0.90014  0.00489    0.894
16N-HN  500.0 3.0e-02   12 25.0  0.90364  0.00489    0.904
16N-HN  500.0 3.0e-02    7 25.0  0.90072  0.00489    0.897
16N-HN  500.0 3.0e-02   10 25.0  0.90415  0.00489    0.902
16N-HN  500.0 3.0e-02    8 25.0  0.89680  0.00489    0.899
16N-HN  500.0 3.0e-02    4 25.0  0.88323  0.00489    0.880
16N-HN  500.0 3.0e-02    1 25.0  0.80700  0.00489    0.810
16N-HN  500.0 3.0e-02   27 25.0  0.89690  0.00489    0.907
17N-HN  500.0 3.0e-02    0 25.0  1.00000  0.00509    0.978
17N-HN  500.0 3.0e-02   30 25.0  0.92328  0.00496    0.917
17N-HN  500.0 3.0e-02    1 25.0  0.71891  0.00464    0.717
17N-HN  500.0 3.0e-02   27 25.0  0.91589  0.00495    0.917
17N-HN  500.0 3.0e-02    2 25.0  0.77763  0.00473    0.779
17N-HN  500.0 3.0e-02   24 25.0  0.91141  0.00494    0.917
17N-HN  500.0 3.0e-02    3 25.0  0.82716  0.00480    0.826
17N-HN  500.0 3.0e-02   21 25.0  0.91229  0.00494    0.916
17N-HN  500.0 3.0e-02    4 25.0  0.85988  0.00485    0.856
17N-HN  500.0 3.0e-02   18 25.0  0.91018  0.00494    0.915
17N-HN  500.0 3.0e-02    5 25.0  0.87749  0.00488    0.874
17N-HN  500.0 3.0e-02   15 25.0  0.91162  0.00494    0.913
17N-HN  500.0 3.0e-02    6 25.0  0.88907  0.00490    0.886
17N-HN  500.0 3.0e-02   12 25.0  0.90481  0.00493    0.910
17N-HN  500.0 3.0e-02    7 25.0  0.89171  0.00491    0.894
17N-HN  500.0 3.0e-02   10 25.0  0.90497  0.00493    0.906
17N-HN  500.0 3.0e-02    8 25.0  0.89215  0.00491    0.899
17N-HN  500.0 3.0e-02    4 25.0  0.85379  0.00484    0.856
17N-HN  500.0 3.0e-02    1 25.0  0.70989  0.00463    0.717
17N-HN  500.0 3.0e-02   27 25.0  0.91635  0.00495    0.917
18N-HN  500.0 3.0e-02    0 25.0  1.00000  0.00516    0.986
18N-HN  500.0 3.0e-02   30 25.0  0.92617  0.00516    0.931
18N-HN  500.0 3.0e-02    1 25.0  0.85450  0.00516    0.858
18N-HN  500.0 3.0e-02   27 25.0  0.92572  0.00516    0.931
18N-HN  500.0 3.0e-02    2 25.0  0.89164  0.00516    0.884
18N-HN  500.0 3.0e-02   24 25.0  0.92639  0.00516    0.931
18N-HN  500.0 3.0e-02    3 25.0  0.89385  0.00516    0.902
18N-HN  500.0 3.0e-02   21 25.0  0.92485  0.00516    0.931
18N-HN  500.0 3.0e-02    4 25.0  0.91862  0.00516    0.912
18N-HN  500.0 3.0e-02   18 25.0  0.93392  0.00516    0.930
18N-HN  500.0 3.0e-02    5 25.0  0.90819  0.00516    0.918
18N-HN  500.0 3.0e-02   15 25.0  0.93089  0.00516    0.930
18N-HN  500.0 3.0e-02    6 25.0  0.92454  0.00516    0.921
18N-HN  500.0 3.0e-02   12 25.0  0.93463  0.00516    0.929
18N-HN  500.0 3.0e-02    7 25.0  0.92877  0.00516    0.924
18N-HN  500.0 3.0e-02   10 25.0  0.92665  0.00516    0.928
18N-HN  500.0 3.0e-02    8 25.0  0.92153  0.00516    0.925
18N-HN  500.0 3.0e-02    4 25.0  0.90487  0.00516    0.912
18N-HN  500.0 3.0e-02    1 25.0  0.86026  0.00516    0.858
18N-HN  500.0 3.0e-02   27 25.0  0.93279  0.00516    0.931
19N-HN  500.0 3.0e-02    0 25.0  1.00000  0.00315    0.989
19N-HN  500.0 3.0e-02   30 25.0  0.93336  0.00315    0.932
19N-HN  500.0 3.0e-02    1 25.0  0.90134  0.00315    0.900
19N-HN  500.0 3.0e-02   27 25.0  0.93048  0.00315    0.932
19N-HN  500.0 3.0e-02    2 25.0  0.90656  0.00315    0.912
19N-HN  500.0 3.0e-02   24 25.0  0.92913  0.00315    0.932
19N-HN  500.0 3.0e-02    3 25.0  0.92085  0.00315    0.919
19N-HN  500.0 3.0e-02   21 25.0  0.92869  0.00315    0.932
19N-HN  500.0 3.0e-02    4 25.0  0.92191  0.00315    0.924
19N-HN  500.0 3.0e-02   18 25.0  0.93482  0.00315    0.932
19N-HN  500.0 3.0e-02    5 25.0  0.92428  0.00315    0.926
19N-HN  500.0 3.0e-02   15 25.0  0.92756  0.00315    0.931
19N-HN  500.0 3.0e-02    6 25.0  0.93062  0.00315    0.928
19N-HN  500.0 3.0e-02   12 25.0  0.93151  0.00315    0.931
19N-HN  500.0 3.0e-02    7 25.0  0.92849  0.00315    0.929
19N-HN  500.0 3.0e-02   10 25.0  0.93448  0.00315    0.930
19N-HN  500.0 3.0e-02    8 25.0  0.92734  0.00315    0.930
19N-HN  500.0 3.0e-02    4 25.0  0.92234  0.00315    0.924
19N-HN  500.0 3.0e-02    1 25.0  0.90099  0.00315    0.900
19N-HN  500.0 3.0e-02   27 25.0  0.93002  0.00315    0.932
29N-HN  500.0 3.0e-02    0 25.0  1.00000  0.00426    0.991
29N-HN  500.0 3.0e-02   30 25.0  0.92798  0.00426    0.925
29N-HN  500.0 3.0e-02    1 25.0  0.91972  0.00426    0.918
29N-HN  500.0 3.0e-02   27 25.0  0.92157  0.00426    0.925
29N-HN  500.0 3.0e-02    2 25.0  0.92141  0.00426    0.921
29N-HN  500.0 3.0e-02   24 25.0  0.92579  0.00426    0.925
29N-HN  500.0 3.0e-02    3 25.0  0.91629  0.00426    0.923
29N-HN  500.0 3.0e-02   21 25.0  0.92369  0.00426    0.925
29N-HN  500.0 3.0e-02    4 25.0  0.92175  0.00426    0.923
29N-HN  500.0 3.0e-02   18 25.0  0.92305  0.00426    0.925
29N-HN  500.0 3.0e-02    5 25.0  0.92335  0.00426    0.924
29N-HN  500.0 3.0e-02   15 25.0  0.92095  0.00426    0.925
29N-HN  500.0 3.0e-02    6 25.0  0.93080  0.00426    0.924
29N-HN  500.0 3.0e-02   12 25.0  0.93061  0.00426    0.925
29N-HN  500.0 3.0e-02    7 25.0  0.91669  0.00426    0.925
29N-HN  500.0 3.0e-02   10 25.0  0.93523  0.00426    0.925
29N-HN  500.0 3.0e-02    8 25.0  0.92050  0.00426    0.925
29N-HN  500.0 3.0e-02    4 25.0  0.92469  0.00426    0.923
29N-HN  500.0 3.0e-02    1 25.0  0.91857  0.00426    0.918
29N-HN  500.0 3.0e-02   27 25.0  0.92029  0.00426    0.925
30N-HN  500.0 3.0e-02    0 25.0  1.00000  0.00441    0.992
30N-HN  500.0 3.0e-02   30 25.0  0.93615  0.00441    0.930
30N-HN  500.0 3.0e-02    1 25.0  0.87996  0.00441    0.881
30N-HN  500.0 3.0e-02   27 25.0  0.93312  0.00441    0.930
30N-HN  500.0 3.0e-02    2 25.0  0.89601  0.00441    0.899
30N-HN  500.0 3.0e-02   24 25.0  0.92929  0.00441    0.929
30N-HN  500.0 3.0e-02    3 25.0  0.91965  0.00441    0.910
30N-HN  500.0 3.0e-02   21 25.0  0.92300  0.00441    0.929
30N-HN  500.0 3.0e-02    4 25.0  0.92072  0.00441    0.917
30N-HN  500.0 3.0e-02   18 25.0  0.92311  0.00441    0.929
30N-HN  500.0 3.0e-02    5 25.0  0.91680  0.00441    0.921
30N-HN  500.0 3.0e-02   15 25.0  0.92419  0.00441    0.929
30N-HN  500.0 3.0e-02    6 25.0  0.92631  0.00441    0.923
30N-HN  500.0 3.0e-02   12 25.0  0.92971  0.00441    0.928
30N-HN  500.0 3.0e-02    7 25.0  0.91720  0.00441    0.925
30N-HN  500.0 3.0e-02   10 25.0  0.92140  0.00441    0.927
30N-HN  500.0 3.0e-02    8 25.0  0.92247  0.00441    0.926
30N-HN  500.0 3.0e-02    4 25.0  0.91794  0.00441    0.917
30N-HN  500.0 3.0e-02    1 25.0  0.88296  0.00441    0.881
30N-HN  500.0 3.0e-02   27 25.0  0.93358  0.00441    0.930
31N-HN  500.0 3.0e-02    0 25.0  1.00000  0.00517    0.988
31N-HN  500.0 3.0e-02   30 25.0  0.84315  0.00517    0.836
31N-HN  500.0 3.0e-02    1 25.0  0.48781  0.00517    0.478
31N-HN  500.0 3.0e-02   27 25.0  0.84300  0.00517    0.835
31N-HN  500.0 3.0e-02    2 25.0  0.53795  0.00517    0.540
31N-HN  500.0 3.0e-02   24 25.0  0.83385  0.00517    0.834
31N-HN  500.0 3.0e-02    3 25.0  0.60863  0.00517    0.608
31N-HN  500.0 3.0e-02   21 25.0  0.83032  0.00517    0.832
31N-HN  500.0 3.0e-02    4 25.0  0.67446  0.00517    0.667
31N-HN  500.0 3.0e-02   18 25.0  0.83340  0.00517    0.828
31N-HN  500.0 3.0e-02    5 25.0  0.70952  0.00517    0.712
31N-HN  500.0 3.0e-02   15 25.0  0.82172  0.00517    0.822
31N-HN  500.0 3.0e-02    6 25.0  0.72366  0.00517    0.744
31N-HN  500.0 3.0e-02   12 25.0  0.80984  0.00517    0.812
31N-HN  500.0 3.0e-02    7 25.0  0.74903  0.00517    0.765
31N-HN  500.0 3.0e-02   10 25.0  0.79956  0.00517    0.800
31N-HN  500.0 3.0e-02    8 25.0  0.77772  0.00517    0.780
31N-HN  500.0 3.0e-02    4 25.0  0.66668  0.00517    0.667
31N-HN  500.0 3.0e-02    1 25.0  0.47210  0.00517    0.478
31N-HN  500.0 3.0e-02   27 25.0  0.83546  0.00517    0.835
33N-HN  500.0 3.0e-02    0 25.0  1.00000  0.01016    0.987
33N-HN  500.0 3.0e-02   30 25.0  0.90747  0.00962    0.919
33N-HN  500.0 3.0e-02    1 25.0  0.56344  0.00802    0.552
33N-HN  500.0 3.0e-02   27 25.0  0.92126  0.00969    0.918
33N-HN  500.0 3.0e-02    2 25.0  0.62517  0.00828    0.629
33N-HN  500.0 3.0e-02   24 25.0  0.91725  0.00967    0.917
33N-HN  500.0 3.0e-02    3 25.0  0.70240  0.00862    0.705
33N-HN  500.0 3.0e-02   21 25.0  0.90099  0.00959    0.915
33N-HN  500.0 3.0e-02    4 25.0  0.77528  0.00896    0.765
33N-HN  500.0 3.0e-02   18 25.0  0.91294  0.00965    0.912
33N-HN  500.0 3.0e-02    5 25.0  0.80574  0.00911    0.808
33N-HN  500.0 3.0e-02   15 25.0  0.90326  0.00960    0.907
33N-HN  500.0 3.0e-02    6 25.0  0.84282  0.00929    0.836
33N-HN  500.0 3.0e-02   12 25.0  0.89100  0.00954    0.898
33N-HN  500.0 3.0e-02    7 25.0  0.85891  0.00937    0.856
33N-HN  500.0 3.0e-02   10 25.0  0.88475  0.00950    0.888
33N-HN  500.0 3.0e-02    8 25.0  0.86679  0.00941    0.870
33N-HN  500.0 3.0e-02    4 25.0  0.76825  0.00893    0.765
33N-HN  500.0 3.0e-02    1 25.0  0.54916  0.00797    0.552
33N-HN  500.0 3.0e-02   27 25.0  0.92109  0.00969    0.918
34N-HN  500.0 3.0e-02    0 25.0  1.00000  0.00457    0.986
34N-HN  500.0 3.0e-02   30 25.0  0.86541  0.00457    0.863
34N-HN  500.0 3.0e-02    1 25.0  0.45893  0.00457    0.446
34N-HN  500.0 3.0e-02   27 25.0  0.86247  0.00457    0.859
34N-HN  500.0 3.0e-02    2 25.0  0.44938  0.00457    0.446
34N-HN  500.0 3.0e-02   24 25.0  0.84975  0.00457    0.854
34N-HN  500.0 3.0e-02    3 25.0  0.47284  0.00457    0.468
34N-HN  500.0 3.0e-02   21 25.0  0.83966  0.00457    0.847
34N-HN  500.0 3.0e-02    4 25.0  0.52210  0.00457    0.513
34N-HN  500.0 3.0e-02   18 25.0  0.83087  0.00457    0.836
34N-HN  500.0 3.0e-02    5 25.0  0.57083  0.00457    0.570
34N-HN  500.0 3.0e-02   15 25.0  0.80579  0.00457    0.818
34N-HN  500.0 3.0e-02    6 25.0  0.62642  0.00457    0.623
34N-HN  500.0 3.0e-02   12 25.0  0.78029  0.00457    0.788
34N-HN  500.0 3.0e-02    7 25.0  0.65910  0.00457    0.668
34N-HN  500.0 3.0e-02   10 25.0  0.74945  0.00457    0.755
34N-HN  500.0 3.0e-02    8 25.0  0.70302  0.00457    0.704
34N-HN  500.0 3.0e-02    4 25.0  0.52175  0.00457    0.513
34N-HN  500.0 3.0e-02    1 25.0  0.44763  0.00457    0.446
34N-HN  500.0 3.0e-02   27 25.0  0.85992  0.00457    0.859
35N-HN  500.0 3.0e-02    0 25.0  1.00000  0.00442    0.988
35N-HN  500.0 3.0e-02   30 25.0  0.90873  0.00427    0.903
35N-HN  500.0 3.0e-02    1 25.0  0.73785  0.00402    0.741
35N-HN  500.0 3.0e-02   27 25.0  0.90437  0.00426    0.902
35N-HN  500.0 3.0e-02    2 25.0  0.78987  0.00409    0.793
35N-HN  500.0 3.0e-02   24 25.0  0.90406  0.00426    0.902
35N-HN  500.0 3.0e-02    3 25.0  0.83483  0.00416    0.831
35N-HN  500.0 3.0e-02   21 25.0  0.90401  0.00426    0.901
35N-HN  500.0 3.0e-02    4 25.0  0.85391  0.00419    0.855
35N-HN  500.0 3.0e-02   18 25.0  0.89615  0.00425    0.901
35N-HN  500.0 3.0e-02    5 25.0  0.86548  0.00420    0.869
35N-HN  500.0 3.0e-02   15 25.0  0.90372  0.00426    0.899
35N-HN  500.0 3.0e-02    6 25.0  0.87391  0.00422    0.879
35N-HN  500.0 3.0e-02   12 25.0  0.89499  0.00425    0.897
35N-HN  500.0 3.0e-02    7 25.0  0.88034  0.00423    0.885
35N-HN  500.0 3.0e-02   10 25.0  0.88857  0.00424    0.894
35N-HN  500.0 3.0e-02    8 25.0  0.88665  0.00424    0.889
35N-HN  500.0 3.0e-02    4 25.0  0.85390  0.00419    0.855
35N-HN  500.0 3.0e-02    1 25.0  0.74242  0.00403    0.741
35N-HN  500.0 3.0e-02   27 25.0  0.90245  0.00426    0.902
36N-HN  500.0 3.0e-02    0 25.0  1.00000  0.00494    0.998
36N-HN  500.0 3.0e-02   30 25.0  0.92689  0.00494    0.920
36N-HN  500.0 3.0e-02    1 25.0  0.86173  0.00494    0.868
36N-HN  500.0 3.0e-02   27 25.0  0.91826  0.00494    0.920
36N-HN  500.0 3.0e-02    2 25.0  0.88277  0.00494    0.887
36N-HN  500.0 3.0e-02   24 25.0  0.91526  0.00494    0.920
36N-HN  500.0 3.0e-02    3 25.0  0.91632  0.00494    0.899
36N-HN  500.0 3.0e-02   21 25.0  0.91898  0.00494    0.920
36N-HN  500.0 3.0e-02    4 25.0  0.90480  0.00494    0.906
36N-HN  500.0 3.0e-02   18 25.0  0.91785  0.00494    0.919
36N-HN  500.0 3.0e-02    5 25.0  0.91130  0.00494    0.910
36N-HN  500.0 3.0e-02   15 25.0  0.91426  0.00494    0.919
36N-HN  500.0 3.0e-02    6 25.0  0.90662  0.00494    0.913
36N-HN  500.0 3.0e-02   12 25.0  0.92599  0.00494    0.918
36N-HN  500.0 3.0e-02    7 25.0  0.90786  0.00494    0.915
36N-HN  500.0 3.0e-02   10 25.0  0.91853  0.00494    0.917
36N-HN  500.0 3.0e-02    8 25.0  0.91328  0.00494    0.916
36N-HN  500.0 3.0e-02    4 25.0  0.91070  0.00494    0.906
36N-HN  500.0 3.0e-02    1 25.0  0.86928  0.00494    0.868
36N-HN  500.0 3.0e-02   27 25.0  0.91793  0.00494    0.920
37N-HN  500.0 3.0e-02    0 25.0  1.00000  0.01167    0.980
37N-HN  500.0 3.0e-02   30 25.0  0.89814  0.01104    0.908
37N-HN  500.0 3.0e-02    1 25.0  0.56978  0.01061    0.577
37N-HN  500.0 3.0e-02   27 25.0  0.92076  0.01117    0.907
37N-HN  500.0 3.0e-02    2 25.0  0.65868  0.01061    0.655
37N-HN  500.0 3.0e-02   24 25.0  0.89129  0.01099    0.906
37N-HN  500.0 3.0e-02    3 25.0  0.73795  0.01061    0.726
37N-HN  500.0 3.0e-02   21 25.0  0.91216  0.01112    0.904
37N-HN  500.0 3.0e-02    4 25.0  0.78886  0.01061    0.779
37N-HN  500.0 3.0e-02   18 25.0  0.91051  0.01111    0.902
37N-HN  500.0 3.0e-02    5 25.0  0.81818  0.01061    0.816
37N-HN  500.0 3.0e-02   15 25.0  0.91295  0.01113    0.898
37N-HN  500.0 3.0e-02    6 25.0  0.82994  0.01063    0.840
37N-HN  500.0 3.0e-02   12 25.0  0.87468  0.01090    0.891
37N-HN  500.0 3.0e-02    7 25.0  0.85523  0.01078    0.856
37N-HN  500.0 3.0e-02   10 25.0  0.88356  0.01095    0.882
37N-HN  500.0 3.0e-02    8 25.0  0.86019  0.01081    0.868
37N-HN  500.0 3.0e-02    4 25.0  0.75274  0.01061    0.779
37N-HN  500.0 3.0e-02    1 25.0  0.58054  0.01061    0.577
37N-HN  500.0 3.0e-02   27 25.0  0.90395  0.01107    0.907
49N-HN  500.0 3.0e-02    0 25.0  1.00000  0.00721    1.000
49N-HN  500.0 3.0e-02   30 25.0  0.91669  0.00698    0.923
49N-HN  500.0 3.0e-02    1 25.0  0.74034  0.00658    0.746
49N-HN  500.0 3.0e-02   27 25.0  0.92266  0.00699    0.923
49N-HN  500.0 3.0e-02    2 25.0  0.78890  0.00668    0.803
49N-HN  500.0 3.0e-02   24 25.0  0.92355  0.00699    0.923
49N-HN  500.0 3.0e-02    3 25.0  0.85767  0.00684    0.844
49N-HN  500.0 3.0e-02   21 25.0  0.93322  0.00702    0.922
49N-HN  500.0 3.0e-02    4 25.0  0.87643  0.00688    0.871
49N-HN  500.0 3.0e-02   18 25.0  0.90518  0.00695    0.921
49N-HN  500.0 3.0e-02    5 25.0  0.88646  0.00690    0.887
49N-HN  500.0 3.0e-02   15 25.0  0.91945  0.00698    0.920
49N-HN  500.0 3.0e-02    6 25.0  0.89560  0.00693    0.897
49N-HN  500.0 3.0e-02   12 25.0  0.92443  0.00700    0.917
49N-HN  500.0 3.0e-02    7 25.0  0.89985  0.00694    0.903
49N-HN  500.0 3.0e-02   10 25.0  0.91200  0.00696    0.914
49N-HN  500.0 3.0e-02    8 25.0  0.91577  0.00697    0.908
49N-HN  500.0 3.0e-02    4 25.0  0.87863  0.00689    0.871
49N-HN  500.0 3.0e-02    1 25.0  0.73820  0.00657    0.746
49N-HN  500.0 3.0e-02   27 25.0  0.92423  0.00699    0.923
52N-HN  500.0 3.0e-02    0 25.0  1.00000  0.00481    0.988
52N-HN  500.0 3.0e-02   30 25.0  0.89693  0.00463    0.895
52N-HN  500.0 3.0e-02    1 25.0  0.64320  0.00463    0.644
52N-HN  500.0 3.0e-02   27 25.0  0.90159  0.00463    0.895
52N-HN  500.0 3.0e-02    2 25.0  0.72364  0.00463    0.715
52N-HN  500.0 3.0e-02   24 25.0  0.90432  0.00463    0.894
52N-HN  500.0 3.0e-02    3 25.0  0.76574  0.00463    0.772
52N-HN  500.0 3.0e-02   21 25.0  0.88326  0.00463    0.893
52N-HN  500.0 3.0e-02    4 25.0  0.80475  0.00463    0.811
52N-HN  500.0 3.0e-02   18 25.0  0.89219  0.00463    0.892
52N-HN  500.0 3.0e-02    5 25.0  0.83689  0.00463    0.836
52N-HN  500.0 3.0e-02   15 25.0  0.88175  0.00463    0.889
52N-HN  500.0 3.0e-02    6 25.0  0.84344  0.00463    0.852
52N-HN  500.0 3.0e-02   12 25.0  0.87864  0.00463    0.885
52N-HN  500.0 3.0e-02    7 25.0  0.87111  0.00463    0.863
52N-HN  500.0 3.0e-02   10 25.0  0.87364  0.00463    0.879
52N-HN  500.0 3.0e-02    8 25.0  0.85659  0.00463    0.870
52N-HN  500.0 3.0e-02    4 25.0  0.81078  0.00463    0.811
52N-HN  500.0 3.0e-02    1 25.0  0.64470  0.00463    0.644
52N-HN  500.0 3.0e-02   27 25.0  0.90862  0.00463    0.895
53N-HN  500.0 3.0e-02    0 25.0  1.00000  0.00489    0.986
53N-HN  500.0 3.0e-02   30 25.0  0.89247  0.00489    0.897
53N-HN  500.0 3.0e-02    1 25.0  0.76207  0.00489    0.764
53N-HN  500.0 3.0e-02   27 25.0  0.90075  0.00489    0.897
53N-HN  500.0 3.0e-02    2 25.0  0.80260  0.00489    0.808
53N-HN  500.0 3.0e-02   24 25.0  0.90843  0.00489    0.897
53N-HN  500.0 3.0e-02    3 25.0  0.84212  0.00489    0.840
53N-HN  500.0 3.0e-02   21 25.0  0.89064  0.00489    0.896
53N-HN  500.0 3.0e-02    4 25.0  0.86064  0.00489    0.859
53N-HN  500.0 3.0e-02   18 25.0  0.90478  0.00489    0.896
53N-HN  500.0 3.0e-02    5 25.0  0.86062  0.00489    0.871
53N-HN  500.0 3.0e-02   15 25.0  0.89841  0.00489    0.895
53N-HN  500.0 3.0e-02    6 25.0  0.86954  0.00489    0.878
53N-HN  500.0 3.0e-02   12 25.0  0.89300  0.00489    0.893
53N-HN  500.0 3.0e-02    7 25.0  0.88422  0.00489    0.883
53N-HN  500.0 3.0e-02   10 25.0  0.88771  0.00489    0.890
53N-HN  500.0 3.0e-02    8 25.0  0.87822  0.00489    0.886
53N-HN  500.0 3.0e-02    4 25.0  0.86632  0.00489    0.859
53N-HN  500.0 3.0e-02    1 25.0  0.75912  0.00489    0.764
53N-HN  500.0 3.0e-02   27 25.0  0.89046  0.00489    0.897
