016c-h  800.0 4.0e-02    0 25.0  1.00000  0.00612    1.000
016c-h  800.0 4.0e-02    2 25.0  0.44450  0.00612    0.460
016c-h  800.0 4.0e-02    4 25.0  0.47420  0.00612    0.466
016c-h  800.0 4.0e-02    6 25.0  0.47440  0.00612    0.472
016c-h  800.0 4.0e-02    8 25.0  0.47460  0.00612    0.478
016c-h  800.0 4.0e-02   12 25.0  0.48550  0.00612    0.490
016c-h  800.0 4.0e-02   16 25.0  0.51980  0.00612    0.502
016c-h  800.0 4.0e-02   20 25.0  0.53140  0.00612    0.513
016c-h  800.0 4.0e-02   24 25.0  0.51390  0.00612    0.523
016c-h  800.0 4.0e-02   28 25.0  0.53280  0.00612    0.530
016c-h  800.0 4.0e-02   32 25.0  0.54300  0.00612    0.536
016c-h  800.0 4.0e-02   48 25.0  0.54970  0.00612    0.550
016c-h  800.0 4.0e-02   64 25.0  0.54800  0.00612    0.556
016c-h  800.0 4.0e-02   80 25.0  0.55090  0.00612    0.559
016c-h  800.0 4.0e-02    2 25.0  0.45130  0.00612    0.460
016c-h  800.0 4.0e-02   64 25.0  0.55740  0.00612    0.556
030c-h  800.0 4.0e-02    0 25.0  1.00000  0.00195    1.000
030c-h  800.0 4.0e-02    2 25.0  0.72670  0.00195    0.726
030c-h  800.0 4.0e-02    4 25.0  0.73310  0.00195    0.730
030c-h  800.0 4.0e-02    6 25.0  0.73790  0.00195    0.733
030c-h  800.0 4.0e-02    8 25.0  0.74290  0.00195    0.737
030c-h  800.0 4.0e-02   12 25.0  0.73320  0.00195    0.745
030c-h  800.0 4.0e-02   16 25.0  0.75290  0.00195    0.752
030c-h  800.0 4.0e-02   20 25.0  0.75590  0.00195    0.757
030c-h  800.0 4.0e-02   24 25.0  0.76450  0.00195    0.762
030c-h  800.0 4.0e-02   28 25.0  0.76370  0.00195    0.765
030c-h  800.0 4.0e-02   32 25.0  0.76430  0.00195    0.768
030c-h  800.0 4.0e-02   48 25.0  0.77860  0.00195    0.774
030c-h  800.0 4.0e-02   64 25.0  0.77860  0.00195    0.776
030c-h  800.0 4.0e-02   80 25.0  0.77370  0.00195    0.777
030c-h  800.0 4.0e-02    2 25.0  0.72140  0.00195    0.726
030c-h  800.0 4.0e-02   64 25.0  0.77670  0.00195    0.776
032c-h  800.0 4.0e-02    0 25.0  1.00000  0.00905    1.000
032c-h  800.0 4.0e-02    2 25.0  0.30140  0.00905    0.305
032c-h  800.0 4.0e-02    4 25.0  0.32580  0.00905    0.310
032c-h  800.0 4.0e-02    6 25.0  0.34090  0.00905    0.315
032c-h  800.0 4.0e-02    8 25.0  0.32300  0.00905    0.320
032c-h  800.0 4.0e-02   12 25.0  0.33550  0.00905    0.331
032c-h  800.0 4.0e-02   16 25.0  0.32440  0.00905    0.344
032c-h  800.0 4.0e-02   20 25.0  0.35950  0.00905    0.362
032c-h  800.0 4.0e-02   24 25.0  0.36440  0.00905    0.381
032c-h  800.0 4.0e-02   28 25.0  0.40670  0.00905    0.401
032c-h  800.0 4.0e-02   32 25.0  0.41700  0.00905    0.419
032c-h  800.0 4.0e-02   48 25.0  0.46210  0.00905    0.470
032c-h  800.0 4.0e-02   64 25.0  0.48380  0.00905    0.497
032c-h  800.0 4.0e-02   80 25.0  0.51310  0.00905    0.511
032c-h  800.0 4.0e-02    2 25.0  0.31450  0.00905    0.305
032c-h  800.0 4.0e-02   64 25.0  0.50690  0.00905    0.497
042c-h  800.0 4.0e-02    0 25.0  1.00000  0.00663    1.000
042c-h  800.0 4.0e-02    2 25.0  0.37360  0.00663    0.381
042c-h  800.0 4.0e-02    4 25.0  0.39460  0.00663    0.387
042c-h  800.0 4.0e-02    6 25.0  0.39180  0.00663    0.394
042c-h  800.0 4.0e-02    8 25.0  0.39620  0.00663    0.402
042c-h  800.0 4.0e-02   12 25.0  0.41150  0.00663    0.416
042c-h  800.0 4.0e-02   16 25.0  0.44560  0.00663    0.434
042c-h  800.0 4.0e-02   20 25.0  0.45590  0.00663    0.455
042c-h  800.0 4.0e-02   24 25.0  0.47670  0.00663    0.475
042c-h  800.0 4.0e-02   28 25.0  0.49890  0.00663    0.494
042c-h  800.0 4.0e-02   32 25.0  0.50960  0.00663    0.510
042c-h  800.0 4.0e-02   48 25.0  0.54790  0.00663    0.551
042c-h  800.0 4.0e-02   64 25.0  0.56010  0.00663    0.571
042c-h  800.0 4.0e-02   80 25.0  0.59050  0.00663    0.582
042c-h  800.0 4.0e-02    2 25.0  0.37560  0.00663    0.381
042c-h  800.0 4.0e-02   64 25.0  0.57350  0.00663    0.571
088c-h  800.0 4.0e-02    0 25.0  1.00000  0.00515    1.000
088c-h  800.0 4.0e-02    2 25.0  0.32040  0.00515    0.333
088c-h  800.0 4.0e-02    4 25.0  0.32900  0.00515    0.338
088c-h  800.0 4.0e-02    6 25.0  0.33790  0.00515    0.344
088c-h  800.0 4.0e-02    8 25.0  0.34560  0.00515    0.349
088c-h  800.0 4.0e-02   12 25.0  0.36570  0.00515    0.361
088c-h  800.0 4.0e-02   16 25.0  0.38830  0.00515    0.374
088c-h  800.0 4.0e-02   20 25.0  0.38660  0.00515    0.392
088c-h  800.0 4.0e-02   24 25.0  0.42120  0.00515    0.414
088c-h  800.0 4.0e-02   28 25.0  0.43660  0.00515    0.436
088c-h  800.0 4.0e-02   32 25.0  0.45730  0.00515    0.457
088c-h  800.0 4.0e-02   48 25.0  0.51430  0.00515    0.516
088c-h  800.0 4.0e-02   64 25.0  0.55450  0.00515    0.546
088c-h  800.0 4.0e-02   80 25.0  0.55730  0.00515    0.564
088c-h  800.0 4.0e-02    2 25.0  0.33170  0.00515    0.333
088c-h  800.0 4.0e-02   64 25.0  0.55070  0.00515    0.546
097c-h  800.0 4.0e-02    0 25.0  1.00000  0.00749    1.000
097c-h  800.0 4.0e-02    2 25.0  0.30400  0.00749    0.302
097c-h  800.0 4.0e-02    4 25.0  0.30990  0.00749    0.307
097c-h  800.0 4.0e-02    6 25.0  0.31830  0.00749    0.312
097c-h  800.0 4.0e-02    8 25.0  0.31400  0.00749    0.316
097c-h  800.0 4.0e-02   12 25.0  0.33950  0.00749    0.326
097c-h  800.0 4.0e-02   16 25.0  0.35600  0.00749    0.337
097c-h  800.0 4.0e-02   20 25.0  0.34770  0.00749    0.353
097c-h  800.0 4.0e-02   24 25.0  0.37350  0.00749    0.373
097c-h  800.0 4.0e-02   28 25.0  0.37700  0.00749    0.394
097c-h  800.0 4.0e-02   32 25.0  0.40820  0.00749    0.415
097c-h  800.0 4.0e-02   48 25.0  0.47050  0.00749    0.475
097c-h  800.0 4.0e-02   64 25.0  0.51550  0.00749    0.508
097c-h  800.0 4.0e-02   80 25.0  0.52710  0.00749    0.526
097c-h  800.0 4.0e-02    2 25.0  0.30490  0.00749    0.302
097c-h  800.0 4.0e-02   64 25.0  0.49680  0.00749    0.508
