-750.0 -23086.233 -23086.233
-725.0 -21744.531 -21744.531
-700.0 -20113.557 -20113.557
-675.0 -18055.791 -18055.791
-650.0 -14560.661 -14560.661
-625.0 -8940.8966 -8940.8966
-600.0 -2299.3357 -2299.3357
-575.0 80.36324 80.3632400001
-550.0 -104.44667 -104.44667
-525.0 -2413.18 -2413.18
-500.0 -8687.008 -8687.008
-475.0 -13816.107 -13816.107
-450.0 -17358.762 -17358.762
-425.0 -19740.072 -19740.072
-400.0 -20806.896 -20806.896
-375.0 -21894.914 -21894.914
-350.0 -22514.856 -22514.856
-325.0 -22652.821 -22652.821
-300.0 -23156.037 -23156.037
-275.0 -22864.558 -22864.558
-250.0 -22750.864 -22750.864
-225.0 -21917.285 -21917.285
-200.0 -21149.112 -21149.112
-175.0 -18915.512 -18915.512
-150.0 -17544.148 -17544.148
-125.0 -19215.506 -19215.506
-100.0 -21899.582 -21899.582
-75.0 -23506.677 -23506.677
-50.0 -24635.396 -24635.396
-25.0 -24767.364 -24767.364
0.0 -25310.558 -25310.558
25.0 -25481.354 -25481.354
50.0 -25631.96 -25631.96
75.0 -25877.552 -25877.552
100.0 -25484.668 -25484.668
125.0 -25675.187 -25675.187
150.0 -25672.135 -25672.135
175.0 -25637.454 -25637.454
200.0 -25804.872 -25804.872
225.0 -25741.11 -25741.11
250.0 -25931.253 -25931.253
275.0 -25442.15 -25442.15
300.0 -25661.276 -25661.276
325.0 -25965.379 -25965.379
350.0 -25801.049 -25801.049
375.0 -25781.841 -25781.841
400.0 -25964.904 -25964.904
425.0 -25839.91 -25839.91
450.0 -25669.241 -25669.241
475.0 -25690.928 -25690.928
500.0 -25695.694 -25695.694
525.0 -25774.933 -25774.933
550.0 -25793.426 -25793.426
575.0 -25753.212 -25753.212
600.0 -25966.859 -25966.859
625.0 -25846.743 -25846.743
650.0 -25887.667 -25887.667
675.0 -25894.448 -25894.448
700.0 -25725.555 -25725.555
725.0 -26070.506 -26070.506
750.0 -25973.956 -25973.956
