l18cd2-l18hd2  800.0 2.0e-02    0 18.0  1.00000  0.03909    1.000
l18cd2-l18hd2  800.0 2.0e-02    2 18.0  0.25793  0.03909    0.215
l18cd2-l18hd2  800.0 2.0e-02   20 18.0  0.67207  0.03909    0.580
l18cd2-l18hd2  800.0 2.0e-02    4 18.0  0.37316  0.03909    0.354
l18cd2-l18hd2  800.0 2.0e-02   16 18.0  0.52251  0.03909    0.568
l18cd2-l18hd2  800.0 2.0e-02    6 18.0  0.45442  0.03909    0.451
l18cd2-l18hd2  800.0 2.0e-02   14 18.0  0.54913  0.03909    0.559
l18cd2-l18hd2  800.0 2.0e-02    8 18.0  0.54179  0.03909    0.500
l18cd2-l18hd2  800.0 2.0e-02   12 18.0  0.46360  0.03909    0.547
l18cd2-l18hd2  800.0 2.0e-02   10 18.0  0.50470  0.03909    0.529
l18cd2-l18hd2  800.0 2.0e-02    2 18.0  0.18827  0.03909    0.215
l18cd2-l18hd2  800.0 2.0e-02   20 18.0  0.58539  0.03909    0.580
m109ce-m109he  800.0 2.0e-02    0 18.0  1.00000  0.00758    1.000
m109ce-m109he  800.0 2.0e-02    2 18.0  0.61052  0.00616    0.601
m109ce-m109he  800.0 2.0e-02   20 18.0  0.66579  0.00621    0.658
m109ce-m109he  800.0 2.0e-02    4 18.0  0.62250  0.00616    0.632
m109ce-m109he  800.0 2.0e-02   16 18.0  0.66098  0.00619    0.657
m109ce-m109he  800.0 2.0e-02    6 18.0  0.64354  0.00616    0.643
m109ce-m109he  800.0 2.0e-02   14 18.0  0.65262  0.00616    0.657
m109ce-m109he  800.0 2.0e-02    8 18.0  0.64968  0.00616    0.650
m109ce-m109he  800.0 2.0e-02   12 18.0  0.65605  0.00617    0.656
m109ce-m109he  800.0 2.0e-02   10 18.0  0.65196  0.00616    0.654
m109ce-m109he  800.0 2.0e-02    2 18.0  0.58976  0.00616    0.601
m109ce-m109he  800.0 2.0e-02   20 18.0  0.66189  0.00619    0.658
m145ce-m145he  800.0 2.0e-02    0 18.0  1.00000  0.00738    1.000
m145ce-m145he  800.0 2.0e-02    2 18.0  0.55241  0.00738    0.555
m145ce-m145he  800.0 2.0e-02   20 18.0  0.65564  0.00738    0.653
m145ce-m145he  800.0 2.0e-02    4 18.0  0.60946  0.00738    0.609
m145ce-m145he  800.0 2.0e-02   16 18.0  0.65870  0.00738    0.653
m145ce-m145he  800.0 2.0e-02    6 18.0  0.62188  0.00738    0.631
m145ce-m145he  800.0 2.0e-02   14 18.0  0.65680  0.00738    0.652
m145ce-m145he  800.0 2.0e-02    8 18.0  0.64200  0.00738    0.642
m145ce-m145he  800.0 2.0e-02   12 18.0  0.64726  0.00738    0.650
m145ce-m145he  800.0 2.0e-02   10 18.0  0.64954  0.00738    0.648
m145ce-m145he  800.0 2.0e-02    2 18.0  0.54061  0.00738    0.555
m145ce-m145he  800.0 2.0e-02   20 18.0  0.66502  0.00738    0.653
