l18cd2-l18hd2  600.0 3.0e-02    0 18.0  1.00000  0.00689    1.000
l18cd2-l18hd2  600.0 3.0e-02    2 18.0  0.14238  0.00375    0.147
l18cd2-l18hd2  600.0 3.0e-02   30 18.0  0.51907  0.00397    0.522
l18cd2-l18hd2  600.0 3.0e-02    4 18.0  0.24344  0.00375    0.246
l18cd2-l18hd2  600.0 3.0e-02   26 18.0  0.51272  0.00393    0.515
l18cd2-l18hd2  600.0 3.0e-02    6 18.0  0.33872  0.00375    0.335
l18cd2-l18hd2  600.0 3.0e-02   22 18.0  0.50537  0.00389    0.505
l18cd2-l18hd2  600.0 3.0e-02    8 18.0  0.40010  0.00375    0.397
l18cd2-l18hd2  600.0 3.0e-02   20 18.0  0.50350  0.00388    0.500
l18cd2-l18hd2  600.0 3.0e-02   10 18.0  0.42586  0.00375    0.436
l18cd2-l18hd2  600.0 3.0e-02   18 18.0  0.49986  0.00386    0.494
l18cd2-l18hd2  600.0 3.0e-02   12 18.0  0.45882  0.00375    0.457
l18cd2-l18hd2  600.0 3.0e-02   16 18.0  0.48054  0.00376    0.486
l18cd2-l18hd2  600.0 3.0e-02   14 18.0  0.47471  0.00375    0.473
l18cd2-l18hd2  600.0 3.0e-02    2 18.0  0.15219  0.00375    0.147
l18cd2-l18hd2  600.0 3.0e-02   26 18.0  0.51700  0.00395    0.515
m109ce-m109he  600.0 3.0e-02    0 18.0  1.00000  0.00493    1.000
m109ce-m109he  600.0 3.0e-02    2 18.0  0.52099  0.00366    0.522
m109ce-m109he  600.0 3.0e-02   30 18.0  0.57597  0.00378    0.578
m109ce-m109he  600.0 3.0e-02    4 18.0  0.55263  0.00372    0.548
m109ce-m109he  600.0 3.0e-02   26 18.0  0.57447  0.00377    0.578
m109ce-m109he  600.0 3.0e-02    6 18.0  0.56193  0.00375    0.562
m109ce-m109he  600.0 3.0e-02   22 18.0  0.57637  0.00378    0.577
m109ce-m109he  600.0 3.0e-02    8 18.0  0.56747  0.00376    0.569
m109ce-m109he  600.0 3.0e-02   20 18.0  0.57605  0.00378    0.577
m109ce-m109he  600.0 3.0e-02   10 18.0  0.57184  0.00377    0.572
m109ce-m109he  600.0 3.0e-02   18 18.0  0.57740  0.00378    0.577
m109ce-m109he  600.0 3.0e-02   12 18.0  0.57589  0.00378    0.574
m109ce-m109he  600.0 3.0e-02   16 18.0  0.57802  0.00378    0.576
m109ce-m109he  600.0 3.0e-02   14 18.0  0.57849  0.00378    0.576
m109ce-m109he  600.0 3.0e-02    2 18.0  0.52212  0.00366    0.522
m109ce-m109he  600.0 3.0e-02   26 18.0  0.57620  0.00378    0.578
m145ce-m145he  600.0 3.0e-02    0 18.0  1.00000  0.00277    1.000
m145ce-m145he  600.0 3.0e-02    2 18.0  0.46833  0.00277    0.468
m145ce-m145he  600.0 3.0e-02   30 18.0  0.56664  0.00277    0.566
m145ce-m145he  600.0 3.0e-02    4 18.0  0.51552  0.00277    0.512
m145ce-m145he  600.0 3.0e-02   26 18.0  0.56479  0.00277    0.566
m145ce-m145he  600.0 3.0e-02    6 18.0  0.53571  0.00277    0.536
m145ce-m145he  600.0 3.0e-02   22 18.0  0.56452  0.00277    0.565
m145ce-m145he  600.0 3.0e-02    8 18.0  0.54764  0.00277    0.549
m145ce-m145he  600.0 3.0e-02   20 18.0  0.56391  0.00277    0.565
m145ce-m145he  600.0 3.0e-02   10 18.0  0.55621  0.00277    0.555
m145ce-m145he  600.0 3.0e-02   18 18.0  0.56318  0.00277    0.564
m145ce-m145he  600.0 3.0e-02   12 18.0  0.56029  0.00277    0.559
m145ce-m145he  600.0 3.0e-02   16 18.0  0.56161  0.00277    0.563
m145ce-m145he  600.0 3.0e-02   14 18.0  0.56205  0.00277    0.561
m145ce-m145he  600.0 3.0e-02    2 18.0  0.46870  0.00277    0.468
m145ce-m145he  600.0 3.0e-02   26 18.0  0.56381  0.00277    0.566
