28n-hn  500.0 3.0e-02    0 25.0  1.00000  0.00162    1.000
28n-hn  500.0 3.0e-02   60 25.0  0.67575  0.00162    0.671
28n-hn  500.0 3.0e-02    1 25.0  0.43339  0.00162    0.451
28n-hn  500.0 3.0e-02   50 25.0  0.66702  0.00162    0.666
28n-hn  500.0 3.0e-02    2 25.0  0.45172  0.00162    0.448
28n-hn  500.0 3.0e-02   40 25.0  0.65607  0.00162    0.658
28n-hn  500.0 3.0e-02    3 25.0  0.45723  0.00162    0.449
28n-hn  500.0 3.0e-02   30 25.0  0.64246  0.00162    0.642
28n-hn  500.0 3.0e-02    4 25.0  0.46189  0.00162    0.454
28n-hn  500.0 3.0e-02   24 25.0  0.62265  0.00162    0.624
28n-hn  500.0 3.0e-02    5 25.0  0.46518  0.00162    0.460
28n-hn  500.0 3.0e-02   20 25.0  0.60274  0.00162    0.604
28n-hn  500.0 3.0e-02    6 25.0  0.46051  0.00162    0.467
28n-hn  500.0 3.0e-02   16 25.0  0.57968  0.00162    0.576
28n-hn  500.0 3.0e-02    8 25.0  0.48537  0.00162    0.485
28n-hn  500.0 3.0e-02   14 25.0  0.55699  0.00162    0.557
28n-hn  500.0 3.0e-02   10 25.0  0.49951  0.00162    0.509
28n-hn  500.0 3.0e-02   12 25.0  0.53970  0.00162    0.534
28n-hn  500.0 3.0e-02   50 25.0  0.66046  0.00162    0.666
28n-hn  500.0 3.0e-02    2 25.0  0.44987  0.00162    0.448
28n-hn  500.0 3.0e-02   16 25.0  0.57836  0.00162    0.576
29n-hn  500.0 3.0e-02    0 25.0  1.00000  0.00162    1.000
29n-hn  500.0 3.0e-02   60 25.0  0.67575  0.00162    0.671
29n-hn  500.0 3.0e-02    1 25.0  0.43339  0.00162    0.452
29n-hn  500.0 3.0e-02   50 25.0  0.66702  0.00162    0.666
29n-hn  500.0 3.0e-02    2 25.0  0.45172  0.00162    0.449
29n-hn  500.0 3.0e-02   40 25.0  0.65607  0.00162    0.658
29n-hn  500.0 3.0e-02    3 25.0  0.45723  0.00162    0.449
29n-hn  500.0 3.0e-02   30 25.0  0.64246  0.00162    0.642
29n-hn  500.0 3.0e-02    4 25.0  0.46189  0.00162    0.454
29n-hn  500.0 3.0e-02   24 25.0  0.62265  0.00162    0.624
29n-hn  500.0 3.0e-02    5 25.0  0.46518  0.00162    0.460
29n-hn  500.0 3.0e-02   20 25.0  0.60274  0.00162    0.604
29n-hn  500.0 3.0e-02    6 25.0  0.46051  0.00162    0.467
29n-hn  500.0 3.0e-02   16 25.0  0.57968  0.00162    0.575
29n-hn  500.0 3.0e-02    8 25.0  0.48537  0.00162    0.485
29n-hn  500.0 3.0e-02   14 25.0  0.55699  0.00162    0.556
29n-hn  500.0 3.0e-02   10 25.0  0.49951  0.00162    0.509
29n-hn  500.0 3.0e-02   12 25.0  0.53970  0.00162    0.534
29n-hn  500.0 3.0e-02   50 25.0  0.66046  0.00162    0.666
29n-hn  500.0 3.0e-02    2 25.0  0.44987  0.00162    0.449
29n-hn  500.0 3.0e-02   16 25.0  0.57836  0.00162    0.575
