28n-hn  800.0 3.0e-02    0 25.0  1.00000  0.00303    1.000
28n-hn  800.0 3.0e-02   60 25.0  0.52152  0.00205    0.524
28n-hn  800.0 3.0e-02    1 25.0  0.30059  0.00180    0.313
28n-hn  800.0 3.0e-02   50 25.0  0.51499  0.00204    0.516
28n-hn  800.0 3.0e-02    2 25.0  0.30478  0.00180    0.312
28n-hn  800.0 3.0e-02   40 25.0  0.50291  0.00202    0.501
28n-hn  800.0 3.0e-02    3 25.0  0.31971  0.00180    0.312
28n-hn  800.0 3.0e-02   30 25.0  0.47313  0.00197    0.472
28n-hn  800.0 3.0e-02    4 25.0  0.31313  0.00180    0.313
28n-hn  800.0 3.0e-02   24 25.0  0.44795  0.00193    0.443
28n-hn  800.0 3.0e-02    5 25.0  0.31872  0.00180    0.315
28n-hn  800.0 3.0e-02   20 25.0  0.41652  0.00189    0.414
28n-hn  800.0 3.0e-02    6 25.0  0.33102  0.00180    0.318
28n-hn  800.0 3.0e-02   16 25.0  0.37689  0.00183    0.379
28n-hn  800.0 3.0e-02    8 25.0  0.32515  0.00180    0.322
28n-hn  800.0 3.0e-02   14 25.0  0.35472  0.00180    0.360
28n-hn  800.0 3.0e-02   10 25.0  0.33427  0.00180    0.329
28n-hn  800.0 3.0e-02   12 25.0  0.33725  0.00180    0.342
28n-hn  800.0 3.0e-02   50 25.0  0.51435  0.00204    0.516
28n-hn  800.0 3.0e-02    2 25.0  0.30987  0.00180    0.312
28n-hn  800.0 3.0e-02   16 25.0  0.37489  0.00182    0.379
29n-hn  800.0 3.0e-02    0 25.0  1.00000  0.00303    1.000
29n-hn  800.0 3.0e-02   60 25.0  0.52152  0.00205    0.525
29n-hn  800.0 3.0e-02    1 25.0  0.30059  0.00180    0.312
29n-hn  800.0 3.0e-02   50 25.0  0.51499  0.00204    0.516
29n-hn  800.0 3.0e-02    2 25.0  0.30478  0.00180    0.311
29n-hn  800.0 3.0e-02   40 25.0  0.50291  0.00202    0.501
29n-hn  800.0 3.0e-02    3 25.0  0.31971  0.00180    0.312
29n-hn  800.0 3.0e-02   30 25.0  0.47313  0.00197    0.473
29n-hn  800.0 3.0e-02    4 25.0  0.31313  0.00180    0.313
29n-hn  800.0 3.0e-02   24 25.0  0.44795  0.00193    0.443
29n-hn  800.0 3.0e-02    5 25.0  0.31872  0.00180    0.315
29n-hn  800.0 3.0e-02   20 25.0  0.41652  0.00189    0.415
29n-hn  800.0 3.0e-02    6 25.0  0.33102  0.00180    0.318
29n-hn  800.0 3.0e-02   16 25.0  0.37689  0.00183    0.379
29n-hn  800.0 3.0e-02    8 25.0  0.32515  0.00180    0.323
29n-hn  800.0 3.0e-02   14 25.0  0.35472  0.00180    0.360
29n-hn  800.0 3.0e-02   10 25.0  0.33427  0.00180    0.329
29n-hn  800.0 3.0e-02   12 25.0  0.33725  0.00180    0.342
29n-hn  800.0 3.0e-02   50 25.0  0.51435  0.00204    0.516
29n-hn  800.0 3.0e-02    2 25.0  0.30987  0.00180    0.311
29n-hn  800.0 3.0e-02   16 25.0  0.37489  0.00182    0.379
